61
AF337128_Lampropeltis_alterna    0.0000000 0.0093086 0.6240818 0.5779796 0.5443318 0.5477640 0.6249144 0.5326535 0.5013403 0.4928246 0.1886973 0.2195998 0.1885196 0.1861828 0.5045694 0.3374001 0.3560077 0.4599039 0.4639702 0.6563386 0.6278530 0.6278530 0.6278530 0.6181275 0.4568709 0.5159097 0.5319922 0.5398859 0.6360106 0.6201928 0.5764402 0.6235158 0.6278530 0.4589812 0.4543878 0.4502062 0.4502062 0.4816014 0.4459601 0.4559934 0.6138288 0.5146467 0.6668101 0.5092699 0.6621966 0.5256013 0.4964131 0.4734825 0.5161672 0.4444629 0.4566788 0.4583502 0.4599039 0.4780497 0.3871623 0.4424377 0.3273631 0.4328789 0.4097784 0.5574473 0.6788974 
AF337134_Lampropeltis_triangulum 0.0093086 0.0000000 0.6282914 0.5616376 0.5318072 0.5532129 0.6073107 0.5346058 0.5023035 0.4931791 0.1914383 0.2097635 0.1925397 0.1870994 0.5117287 0.3392953 0.3580259 0.4523965 0.4564463 0.6772218 0.6478879 0.6478879 0.6478879 0.6377552 0.4493316 0.5176210 0.5337237 0.5416396 0.6574817 0.6399921 0.6121990 0.6442261 0.6478879 0.4514592 0.4436862 0.4395333 0.4395333 0.4811499 0.4582036 0.4685663 0.6151887 0.5133358 0.6568142 0.4980585 0.6738029 0.5117787 0.4917381 0.4689379 0.5023945 0.4433379 0.4491893 0.4507824 0.4523965 0.4768385 0.3888272 0.4491838 0.3314923 0.4257266 0.4028125 0.5633073 0.6692643 
AF471040_Lycodon_zawi            0.6240818 0.6282914 0.0000000 0.6806540 0.6888881 0.7750217 0.8612586 0.8190813 0.7584993 0.5786684 0.6385709 0.6434066 0.6321497 0.6061467 0.6608684 0.4298432 0.4289235 0.4567938 0.4606144 0.2904812 0.2634936 0.2634936 0.2634936 0.2937614 0.4482263 0.6521437 0.6345296 0.6219191 0.2803769 0.2881446 0.2670196 0.2777106 0.2634936 0.4608290 0.5700367 0.5654627 0.5654627 0.4672073 0.4675442 0.4944758 0.3725929 0.4295006 0.4398417 0.4187570 0.4900440 0.5045360 0.5173899 0.4866333 0.5131407 0.4776592 0.4537643 0.4501389 0.4646398 0.6243978 0.3835945 0.5252296 0.4654115 0.5242869 0.4962481 0.0177735 0.8222419 
AF471062_Dipsadoboa_unicolor     0.5779796 0.5616376 0.6806540 0.0000000 0.6742547 0.8867877 0.8513964 0.6866049 0.5145227 0.5734231 0.6112065 0.6449596 0.6044989 0.6000474 0.6489595 0.5338373 0.5891508 0.5321819 0.5366037 0.6721856 0.6477055 0.6477055 0.6477055 0.6534735 0.5420533 0.6851098 0.7080145 0.7188440 0.6322842 0.6380035 0.6514997 0.6257936 0.6477055 0.5317609 0.5681326 0.5634813 0.5634813 0.6435996 0.6557470 0.6687496 0.7973153 0.6577737 0.5871430 0.6509711 0.6007346 0.5368677 0.5734005 0.5541966 0.5530736 0.5778912 0.5298680 0.5324520 0.5321819 0.8159045 0.5920040 0.6062274 0.5117027 0.6151684 0.6028532 0.6625708 0.8266149 
AF471065_Dasypeltis_atra         0.5443318 0.5318072 0.6888881 0.6742547 0.0000000 0.8107192 0.8485802 0.6128024 0.5260946 0.5690464 0.5055893 0.5437195 0.5106171 0.4714371 0.7264823 0.5052016 0.5591146 0.5382176 0.5425551 0.7840264 0.7638840 0.7638840 0.7638840 0.8309129 0.5310207 0.6199975 0.6270644 0.6325204 0.8171266 0.7945635 0.6781291 0.7886476 0.7638840 0.5457138 0.5628320 0.5582056 0.5582056 0.5627756 0.6030105 0.6029956 0.7516852 0.5844087 0.7499543 0.6135715 0.7513801 0.4953344 0.5002660 0.4997208 0.4921630 0.5847679 0.5380858 0.5373263 0.5382176 0.6304094 0.4372505 0.5547087 0.4722558 0.5871027 0.5708773 0.5811528 0.7555709 
Ahaetulla_prasina_CDS1130        0.5477640 0.5532129 0.7750217 0.8867877 0.8107192 0.0000000 0.0406910 0.2557459 0.4193746 0.3453628 0.5223514 0.5377215 0.7008687 0.7095061 0.2217520 0.2534394 0.6389605 0.2329220 0.2329220 0.2807717 0.4398998 0.2590028 0.2590028 0.2663072 0.2341963 0.2412723 0.2402350 0.2376226 0.2857044 0.2664201 0.2647247 0.2827497 0.2590028 0.2234950 0.2383401 0.4155046 0.2365055 0.2452701 0.6224208 0.6386727 0.2838077 0.2348402 0.0654732 0.2364658 0.2605217 0.3950077 0.2439077 0.4277311 0.2259637 0.2649400 0.2247264 0.2271612 0.3949208 0.2564196 0.2178444 0.2324933 0.2254868 0.2120028 0.3532716 0.2619015 0.3120343 
Ahaetulla_prasina_RMB3042        0.6249144 0.6073107 0.8612586 0.8513964 0.8485802 0.0406910 0.0000000 0.3219071 0.4647828 0.4285786 0.5642825 0.5986299 0.6360181 0.6386328 0.1914890 0.3548449 0.7152680 0.2986185 0.2969097 0.3635505 0.5375621 0.3540498 0.3540498 0.3464555 0.2821938 0.3522846 0.3581678 0.3577999 0.3597582 0.3566798 0.2854322 0.3577476 0.3540498 0.2864589 0.2963625 0.4513443 0.2948159 0.3067656 0.8097472 0.8330399 0.3826069 0.3578092 0.2875463 0.3165694 0.4761015 0.4301098 0.2899187 0.4360349 0.2879961 0.3939899 0.2875165 0.2900162 0.4435589 0.3581671 0.2125090 0.3140688 0.2094265 0.2778232 0.4106325 0.3111996 0.3153062 
Boiga_cynodon_CDS4400            0.5326535 0.5346058 0.8190813 0.6866049 0.6128024 0.2557459 0.3219071 0.0000000 0.1886512 0.3465924 0.5102840 0.5203549 0.5526016 0.5263731 0.1739254 0.2215742 0.4851079 0.2217786 0.2167889 0.2859200 0.4018400 0.2703283 0.2703283 0.2790901 0.2255888 0.2272934 0.2294280 0.2277948 0.2634249 0.2762271 0.2458370 0.2686134 0.2703283 0.2178299 0.2051414 0.2974645 0.2038883 0.2233717 0.5707064 0.5733771 0.3217819 0.3173898 0.2216019 0.2391303 0.2907381 0.3062879 0.1967361 0.2831003 0.2071049 0.3070195 0.2172215 0.2157017 0.3209546 0.2325952 0.1924842 0.2435499 0.1581371 0.2418414 0.3532005 0.3429521 0.2921363 
Boiga_dendrophila_CDS1575        0.5013403 0.5023035 0.7584993 0.5145227 0.5260946 0.4193746 0.4647828 0.1886512 0.0000000 0.3110472 0.4415159 0.4265725 0.4734799 0.4314265 0.2322687 0.4444545 0.4700641 0.2916768 0.2809274 0.4160337 0.4134851 0.4134851 0.4134851 0.4312255 0.3056360 0.3022474 0.3151779 0.3128279 0.4204977 0.4091327 0.3400851 0.4226566 0.4134851 0.2829123 0.2718419 0.2696007 0.2698716 0.3229676 0.5126553 0.5054064 0.7016721 0.5854952 0.8028655 0.3466898 0.3023271 0.2644444 0.2471428 0.2557791 0.2643366 0.5868577 0.2776338 0.2748401 0.2792172 0.3187634 0.4807223 0.3185366 0.1959501 0.3004020 0.2986347 0.7002149 0.6474984 
Ptyas_luzonensis_RMB4445         0.4928246 0.4931791 0.5786684 0.5734231 0.5690464 0.3453628 0.4285786 0.3465924 0.3110472 0.0000000 0.4493638 0.4754802 0.4090432 0.3901220 0.1686700 0.4019910 0.5305242 0.2566537 0.2475098 0.3535932 0.3434091 0.3434091 0.3434091 0.3613537 0.2452847 0.3411296 0.3338197 0.3311703 0.3527701 0.3446257 0.2819464 0.3522138 0.3434091 0.2427678 0.2493137 0.2471351 0.2473857 0.3077472 0.5083238 0.4988357 0.5266567 0.5637416 0.8418423 0.3145734 0.2960624 0.2659109 0.2624409 0.2608320 0.2608482 0.6089193 0.2419857 0.2417842 0.2418688 0.3591029 0.2766133 0.3213634 0.1679553 0.3055760 0.3003643 0.5269233 0.5366672 
FJ627818_Pituophis_deppei        0.1886973 0.1914383 0.6385709 0.6112065 0.5055893 0.5223514 0.5642825 0.5102840 0.4415159 0.4493638 0.0000000 0.1215342 0.2030960 0.1832683 0.4352899 0.3728519 0.3975206 0.3901283 0.3901283 0.7026869 0.6933751 0.6933751 0.6933751 0.7173153 0.4287097 0.5474590 0.5489334 0.5540448 0.7176630 0.7142354 0.6290265 0.7117091 0.6933751 0.3964983 0.4477658 0.4430777 0.4430777 0.4741924 0.5128942 0.5032911 0.6283443 0.4563898 0.5114588 0.4663332 0.4988107 0.4198119 0.4176011 0.4242742 0.4178856 0.4898966 0.3891861 0.3891861 0.3860231 0.4381451 0.4599805 0.4535206 0.3641317 0.4728142 0.4671536 0.6238774 0.6184103 
FJ627819_Pituophis_catenifer     0.2195998 0.2097635 0.6434066 0.6449596 0.5437195 0.5377215 0.5986299 0.5203549 0.4265725 0.4754802 0.1215342 0.0000000 0.2065373 0.2006108 0.4678375 0.4100980 0.4238968 0.4255483 0.4295015 0.7486272 0.7329258 0.7329258 0.7329258 0.7794685 0.4546224 0.5906978 0.6041074 0.6091032 0.7416776 0.7485594 0.6363251 0.7360053 0.7329258 0.4377691 0.4525882 0.4483106 0.4483106 0.4478036 0.5200325 0.5177746 0.6790550 0.5281910 0.5999301 0.5016185 0.6060118 0.4423960 0.4468810 0.4533203 0.4418661 0.5063658 0.4286066 0.4286066 0.4255483 0.4875070 0.4692319 0.5152920 0.3418107 0.4633841 0.4581385 0.5983091 0.5788424 
GU073440_Pantherophis_bairdi     0.1885196 0.1925397 0.6321497 0.6044989 0.5106171 0.7008687 0.6360181 0.5526016 0.4734799 0.4090432 0.2030960 0.2065373 0.0000000 0.0983557 0.5593973 0.3138765 0.4175356 0.4551326 0.4551326 0.6947693 0.6665000 0.6665000 0.6665000 0.6828687 0.4827061 0.4521615 0.4678028 0.4671712 0.6781251 0.6678086 0.6850897 0.6543311 0.6665000 0.4652384 0.4387572 0.4333502 0.4333502 0.4225974 0.4708677 0.4626721 0.5367453 0.4277997 0.3725696 0.4060565 0.3725696 0.4919464 0.4639344 0.4511610 0.4785327 0.3884113 0.4499308 0.4532206 0.4499308 0.4517325 0.3676377 0.4189394 0.3624004 0.4230250 0.4169786 0.5974566 0.6849124 
GU073446_Pantherophis_obsoletus  0.1861828 0.1870994 0.6061467 0.6000474 0.4714371 0.7095061 0.6386328 0.5263731 0.4314265 0.3901220 0.1832683 0.2006108 0.0983557 0.0000000 0.4098673 0.2841028 0.3499928 0.4050404 0.4050404 0.6081896 0.5956691 0.5956691 0.5956691 0.6197103 0.4523407 0.3623776 0.3758962 0.3816511 0.6147282 0.6044808 0.6025030 0.5994046 0.5956691 0.4126193 0.4696510 0.4640578 0.4640578 0.3774044 0.3915630 0.3844963 0.5075712 0.3942607 0.3865417 0.3644577 0.3865417 0.4681005 0.4355004 0.4418097 0.4659400 0.3459292 0.4002302 0.4027077 0.4002302 0.3984577 0.3167733 0.3895405 0.3136023 0.4047455 0.3989487 0.5751201 0.6624025 
Gonyosoma_oxycephala_RMB11702    0.5045694 0.5117287 0.6608684 0.6489595 0.7264823 0.2217520 0.1914890 0.1739254 0.2322687 0.1686700 0.4352899 0.4678375 0.5593973 0.4098673 0.0000000 0.1571064 0.5116199 0.1337576 0.1314506 0.1727483 0.2734164 0.1712071 0.1712071 0.1744250 0.1321114 0.1568903 0.1549167 0.1545644 0.1665039 0.1665271 0.1732919 0.1723253 0.1712071 0.1279161 0.1426685 0.2278731 0.1413254 0.1533897 0.5637767 0.5538222 0.2559286 0.1747234 0.0358090 0.1360530 0.0790171 0.2139262 0.1347737 0.2090032 0.1337664 0.2045678 0.1285578 0.1282552 0.2096381 0.1566418 0.1686499 0.1361186 0.1233080 0.1341404 0.2104122 0.2345913 0.2190841 
JF827672.Dinodon.rufozonatum     0.3374001 0.3392953 0.4298432 0.5338373 0.5052016 0.2534394 0.3548449 0.2215742 0.4444545 0.4019910 0.3728519 0.4100980 0.3138765 0.2841028 0.1571064 0.0000000 0.1505440 0.1605411 0.1620417 0.2544300 0.4797450 0.2489376 0.2489376 0.2564112 0.1624538 0.1744711 0.1762128 0.1764757 0.2438370 0.2343673 0.2242281 0.2463054 0.2489376 0.1602414 0.1908139 0.3660734 0.1891830 0.1883387 0.2922784 0.2832009 0.2349431 0.1919337 0.1381394 0.1876268 0.4133271 0.3115485 0.1701239 0.3091579 0.1653147 0.1758381 0.1592940 0.1592940 0.3030760 0.1814336 0.0756660 0.1620203 0.1139005 0.1570603 0.2740332 0.1917229 0.2418221 
AB008539.Dinodon.semicarinatus   0.3560077 0.3580259 0.4289235 0.5891508 0.5591146 0.6389605 0.7152680 0.4851079 0.4700641 0.5305242 0.3975206 0.4238968 0.4175356 0.3499928 0.5116199 0.1505440 0.0000000 0.3337611 0.3370474 0.5165973 0.4931738 0.4931738 0.4931738 0.5384682 0.3663815 0.3479574 0.3616840 0.3638676 0.4937106 0.5002836 0.4948244 0.4863618 0.4931738 0.3429654 0.3678802 0.3643557 0.3643557 0.3567744 0.2837702 0.2831871 0.4591170 0.3561417 0.3894463 0.3804147 0.3897183 0.3227479 0.3264628 0.3146421 0.3216313 0.3907806 0.3311766 0.3323167 0.3337611 0.3598802 0.2393803 0.3223345 0.3175806 0.3089993 0.2946456 0.4146356 0.7249762 
Lycodon_alcalai_RMB9036          0.4599039 0.4523965 0.4567938 0.5321819 0.5382176 0.2329220 0.2986185 0.2217786 0.2916768 0.2566537 0.3901283 0.4255483 0.4551326 0.4050404 0.1337576 0.1605411 0.3337611 0.0000000 0.0004535 0.2013741 0.2925230 0.1978937 0.1978937 0.2065238 0.0203004 0.1704415 0.1732639 0.1694857 0.2023960 0.1999333 0.1839520 0.2063982 0.1978937 0.0032225 0.1072868 0.1542489 0.1063808 0.1668572 0.3869738 0.4045905 0.2189267 0.2269526 0.1735584 0.1707185 0.2397629 0.1192131 0.0800752 0.1111732 0.0816822 0.2263993 0.0013680 0.0013747 0.0012194 0.1718971 0.1260013 0.1729892 0.1137971 0.1679052 0.2397015 0.2239415 0.2512685 
Lycodon_alcalai_RMB9542          0.4639702 0.4564463 0.4606144 0.5366037 0.5425551 0.2329220 0.2969097 0.2167889 0.2809274 0.2475098 0.3901283 0.4295015 0.4551326 0.4050404 0.1314506 0.1620417 0.3370474 0.0004535 0.0000000 0.1934038 0.2759463 0.1901074 0.1901074 0.2008138 0.0203243 0.1650545 0.1677785 0.1641595 0.1968749 0.1945085 0.1774427 0.2007534 0.1901074 0.0026922 0.1046689 0.1483896 0.1037951 0.1685742 0.3832869 0.4007817 0.2170825 0.2287449 0.1759480 0.1716561 0.2383478 0.1151316 0.0783875 0.1074855 0.0799442 0.2281502 0.0008891 0.0008934 0.0005891 0.1675730 0.1260013 0.1732323 0.1124207 0.1682841 0.2373520 0.2239415 0.2512685 
Lycodon_aulicus_205000           0.6563386 0.6772218 0.2904812 0.6721856 0.7840264 0.2807717 0.3635505 0.2859200 0.4160337 0.3535932 0.7026869 0.7486272 0.6947693 0.6081896 0.1727483 0.2544300 0.5165973 0.2013741 0.1934038 0.0000000 0.0236798 0.0174471 0.0174471 0.0300799 0.1969286 0.2441691 0.2426416 0.2360931 0.0263107 0.0299477 0.0256722 0.0265144 0.0174564 0.1921403 0.2070537 0.2962087 0.2057978 0.2177263 0.4888517 0.5189776 0.1987169 0.2302633 0.1739974 0.1754502 0.2218984 0.2821139 0.1945939 0.2650496 0.1990411 0.2673579 0.1896106 0.1885806 0.2749787 0.2390981 0.1643869 0.2108900 0.1441423 0.2188147 0.3014844 0.1243673 0.2952016 
Lycodon_aulicus_CDS4621          0.6278530 0.6478879 0.2634936 0.6477055 0.7638840 0.4398998 0.5375621 0.4018400 0.4134851 0.3434091 0.6933751 0.7329258 0.6665000 0.5956691 0.2734164 0.4797450 0.4931738 0.2925230 0.2759463 0.0236798 0.0000000 0.0000010 0.0000010 0.0355702 0.2792436 0.3622504 0.3522947 0.3439195 0.0345860 0.0371958 0.0310496 0.0332928 0.0000010 0.2723524 0.2962954 0.2927580 0.2943032 0.3100393 0.4673506 0.4962766 0.3319477 0.4286166 0.5112816 0.2629428 0.2169583 0.2809049 0.2661105 0.2601576 0.2783078 0.5311726 0.2720759 0.2724522 0.2735870 0.3475589 0.4245110 0.2979268 0.1998284 0.3059498 0.2930264 0.2097473 0.7670508 
Lycodon_aulicus_CDS658           0.6278530 0.6478879 0.2634936 0.6477055 0.7638840 0.2590028 0.3540498 0.2703283 0.4134851 0.3434091 0.6933751 0.7329258 0.6665000 0.5956691 0.1712071 0.2489376 0.4931738 0.1978937 0.1901074 0.0174471 0.0000010 0.0000000 0.0000010 0.0264351 0.1941614 0.2377398 0.2336947 0.2282784 0.0251022 0.0275724 0.0236680 0.0248260 0.0000010 0.1889007 0.2050136 0.2927580 0.2037675 0.2130257 0.4673506 0.4962766 0.1761792 0.2243600 0.1678034 0.1749752 0.2169583 0.2809049 0.1893912 0.2601576 0.1957467 0.2810057 0.1888180 0.1887772 0.2735870 0.2330265 0.1612464 0.2087631 0.1330097 0.2132355 0.2930264 0.1112475 0.2838140 
Lycodon_aulicus_RMB4347          0.6278530 0.6478879 0.2634936 0.6477055 0.7638840 0.2590028 0.3540498 0.2703283 0.4134851 0.3434091 0.6933751 0.7329258 0.6665000 0.5956691 0.1712071 0.2489376 0.4931738 0.1978937 0.1901074 0.0174471 0.0000010 0.0000010 0.0000000 0.0264351 0.1941614 0.2377398 0.2336947 0.2282784 0.0251022 0.0275724 0.0236680 0.0248260 0.0000010 0.1889007 0.2050136 0.2927580 0.2037675 0.2130257 0.4673506 0.4962766 0.1761792 0.2243600 0.1678034 0.1749752 0.2169583 0.2809049 0.1893912 0.2601576 0.1957467 0.2810057 0.1888180 0.1887772 0.2735870 0.2330265 0.1612464 0.2087631 0.1330097 0.2132355 0.2930264 0.1112475 0.2838140 
Lycodon_aulicus_RMB8785          0.6181275 0.6377552 0.2937614 0.6534735 0.8309129 0.2663072 0.3464555 0.2790901 0.4312255 0.3613537 0.7173153 0.7794685 0.6828687 0.6197103 0.1744250 0.2564112 0.5384682 0.2065238 0.2008138 0.0300799 0.0355702 0.0264351 0.0264351 0.0000000 0.2003653 0.2529760 0.2485092 0.2429345 0.0171634 0.0106128 0.0258374 0.0159595 0.0264494 0.2015624 0.2153352 0.3083088 0.2140521 0.2255045 0.5109780 0.5420601 0.2049443 0.2316459 0.1728780 0.1793151 0.2251136 0.2993511 0.2110626 0.2897081 0.2102554 0.2751215 0.1993269 0.1993241 0.2893139 0.2401117 0.1722882 0.2086960 0.1396273 0.2115029 0.2890665 0.1348321 0.3122137 
Lycodon_bibonius_RMB5709         0.4568709 0.4493316 0.4482263 0.5420533 0.5310207 0.2341963 0.2821938 0.2255888 0.3056360 0.2452847 0.4287097 0.4546224 0.4827061 0.4523407 0.1321114 0.1624538 0.3663815 0.0203004 0.0203243 0.1969286 0.2792436 0.1941614 0.1941614 0.2003653 0.0000000 0.1643188 0.1691158 0.1646439 0.1950454 0.1942124 0.1705220 0.1998194 0.1941614 0.0205311 0.0990982 0.1389305 0.0982556 0.1746831 0.4147479 0.4334074 0.2415887 0.2295432 0.1780038 0.1753772 0.2257620 0.1157485 0.0814834 0.1112146 0.0794318 0.2358101 0.0200631 0.0196600 0.0266264 0.1634752 0.1320106 0.1731672 0.1096096 0.1713234 0.2401180 0.2174643 0.2632347 
Lycodon_butleri_8066             0.5159097 0.5176210 0.6521437 0.6851098 0.6199975 0.2412723 0.3522846 0.2272934 0.3022474 0.3411296 0.5474590 0.5906978 0.4521615 0.3623776 0.1568903 0.1744711 0.3479574 0.1704415 0.1650545 0.2441691 0.3622504 0.2377398 0.2377398 0.2529760 0.1643188 0.0000000 0.0059028 0.0063924 0.2420873 0.2421096 0.1992618 0.2465740 0.2375702 0.1659309 0.1689987 0.2554023 0.1678628 0.1643648 0.1836340 0.1649714 0.2926769 0.2702614 0.2033774 0.1976895 0.2862120 0.2684168 0.1642416 0.2491554 0.1713035 0.2215823 0.1629595 0.1625913 0.2536287 0.1687785 0.0727891 0.1716499 0.0945015 0.1731481 0.2686880 0.2427600 0.2663585 
Lycodon_butleri_9136             0.5319922 0.5337237 0.6345296 0.7080145 0.6270644 0.2402350 0.3581678 0.2294280 0.3151779 0.3338197 0.5489334 0.6041074 0.4678028 0.3758962 0.1549167 0.1762128 0.3616840 0.1732639 0.1677785 0.2426416 0.3522947 0.2336947 0.2336947 0.2485092 0.1691158 0.0059028 0.0000000 0.0013237 0.2365996 0.2400376 0.1995342 0.2423270 0.2335311 0.1665961 0.1737248 0.2607576 0.1725969 0.1720499 0.1876049 0.1686814 0.2976655 0.2815598 0.2151532 0.2023143 0.2899254 0.2707997 0.1672662 0.2517132 0.1760217 0.2253094 0.1636728 0.1621887 0.2561210 0.1689231 0.0744913 0.1740156 0.0940985 0.1729637 0.2659547 0.2414015 0.2762640 
Lycodon_butleri_9421             0.5398859 0.5416396 0.6219191 0.7188440 0.6325204 0.2376226 0.3577999 0.2277948 0.3128279 0.3311703 0.5540448 0.6091032 0.4671712 0.3816511 0.1545644 0.1764757 0.3638676 0.1694857 0.1641595 0.2360931 0.3439195 0.2282784 0.2282784 0.2429345 0.1646439 0.0063924 0.0013237 0.0000000 0.2320578 0.2345350 0.1959211 0.2368703 0.2281184 0.1630406 0.1704889 0.2560120 0.1693646 0.1710913 0.1851512 0.1706153 0.3003200 0.2824482 0.2177391 0.2007226 0.2859623 0.2633197 0.1653417 0.2487397 0.1712672 0.2271700 0.1601415 0.1594638 0.2502095 0.1660606 0.0733918 0.1709094 0.0922717 0.1698478 0.2608934 0.2351418 0.2752060 
Lycodon_capucinus_5725           0.6360106 0.6574817 0.2803769 0.6322842 0.8171266 0.2857044 0.3597582 0.2634249 0.4204977 0.3527701 0.7176630 0.7416776 0.6781251 0.6147282 0.1665039 0.2438370 0.4937106 0.2023960 0.1968749 0.0263107 0.0345860 0.0251022 0.0251022 0.0171634 0.1950454 0.2420873 0.2365996 0.2320578 0.0000000 0.0197635 0.0265594 0.0008837 0.0250886 0.1950479 0.2014022 0.2884684 0.2001526 0.2164401 0.4717947 0.5101184 0.2026148 0.2291508 0.1686921 0.1756010 0.2161433 0.2840263 0.2000001 0.2703096 0.1997916 0.2705915 0.1953250 0.1953250 0.2844715 0.2268055 0.1569371 0.2041862 0.1377383 0.2055386 0.2814458 0.1249855 0.3024411 
Lycodon_capucinus_9277           0.6201928 0.6399921 0.2881446 0.6380035 0.7945635 0.2664201 0.3566798 0.2762271 0.4091327 0.3446257 0.7142354 0.7485594 0.6678086 0.6044808 0.1665271 0.2343673 0.5002836 0.1999333 0.1945085 0.0299477 0.0371958 0.0275724 0.0275724 0.0106128 0.1942124 0.2421096 0.2400376 0.2345350 0.0197635 0.0000000 0.0251350 0.0184933 0.0275574 0.1923607 0.2041785 0.2920304 0.2029222 0.2145416 0.4932698 0.5235799 0.1933770 0.2204832 0.1675779 0.1735631 0.2141983 0.2746923 0.1937294 0.2626920 0.1958429 0.2712834 0.1921573 0.1921284 0.2775926 0.2287009 0.1587228 0.2009129 0.1314262 0.2082394 0.2837067 0.1237416 0.2993536 
Lycodon_capucinus_9695           0.5764402 0.6121990 0.2670196 0.6514997 0.6781291 0.2647247 0.2854322 0.2458370 0.3400851 0.2819464 0.6290265 0.6363251 0.6850897 0.6025030 0.1732919 0.2242281 0.4948244 0.1839520 0.1774427 0.0256722 0.0310496 0.0236680 0.0236680 0.0258374 0.1705220 0.1992618 0.1995342 0.1959211 0.0265594 0.0251350 0.0000000 0.0251591 0.0236539 0.1774141 0.1807541 0.2585017 0.1794436 0.1814446 0.4322870 0.4538544 0.1651401 0.1783922 0.1012343 0.1398651 0.1409746 0.2594799 0.1808132 0.2549842 0.1822055 0.2345691 0.1757982 0.1757982 0.2599544 0.1982531 0.1708530 0.1587980 0.1326451 0.1741555 0.2415832 0.1261742 0.2897666 
Lycodon_capucinus_DSM1325L       0.6235158 0.6442261 0.2777106 0.6257936 0.7886476 0.2827497 0.3577476 0.2686134 0.4226566 0.3522138 0.7117091 0.7360053 0.6543311 0.5994046 0.1723253 0.2463054 0.4863618 0.2063982 0.2007534 0.0265144 0.0332928 0.0248260 0.0248260 0.0159595 0.1998194 0.2465740 0.2423270 0.2368703 0.0008837 0.0184933 0.0251591 0.0000000 0.0248126 0.1980287 0.2048515 0.2921339 0.2036036 0.2172117 0.4713228 0.5089140 0.2006264 0.2247554 0.1663638 0.1728438 0.2132409 0.2907147 0.2028292 0.2716906 0.2069926 0.2717481 0.1983016 0.1982950 0.2864847 0.2288434 0.1630330 0.2049175 0.1411505 0.2088342 0.2839654 0.1262183 0.3071292 
Lycodon_capucinus_RMB9060        0.6278530 0.6478879 0.2634936 0.6477055 0.7638840 0.2590028 0.3540498 0.2703283 0.4134851 0.3434091 0.6933751 0.7329258 0.6665000 0.5956691 0.1712071 0.2489376 0.4931738 0.1978937 0.1901074 0.0174564 0.0000010 0.0000010 0.0000010 0.0264494 0.1941614 0.2375702 0.2335311 0.2281184 0.0250886 0.0275574 0.0236539 0.0248126 0.0000000 0.1887693 0.2048696 0.2927580 0.2036244 0.2131747 0.4673506 0.4962766 0.1761792 0.2243600 0.1678034 0.1748561 0.2166549 0.2806339 0.1892597 0.2599094 0.1957467 0.2810057 0.1886868 0.1886457 0.2733237 0.2319928 0.1612464 0.2086156 0.1328982 0.2130836 0.2927396 0.1112475 0.2838140 
Lycodon_chrysoprateros_RMB6394   0.4589812 0.4514592 0.4608290 0.5317609 0.5457138 0.2234950 0.2864589 0.2178299 0.2829123 0.2427678 0.3964983 0.4377691 0.4652384 0.4126193 0.1279161 0.1602414 0.3429654 0.0032225 0.0026922 0.1921403 0.2723524 0.1889007 0.1889007 0.2015624 0.0205311 0.1659309 0.1665961 0.1630406 0.1950479 0.1923607 0.1774141 0.1980287 0.1887693 0.0000000 0.1020131 0.1437499 0.1011591 0.1676474 0.3842542 0.4018439 0.2218276 0.2293284 0.1764532 0.1709808 0.2346308 0.1110532 0.0761915 0.1036539 0.0778081 0.2288445 0.0035601 0.0035773 0.0041352 0.1643411 0.1306066 0.1710069 0.1110399 0.1650152 0.2308743 0.2233949 0.2532028 
Lycodon_dumereli_ACD4146         0.4543878 0.4436862 0.5700367 0.5681326 0.5628320 0.2383401 0.2963625 0.2051414 0.2718419 0.2493137 0.4477658 0.4525882 0.4387572 0.4696510 0.1426685 0.1908139 0.3678802 0.1072868 0.1046689 0.2070537 0.2962954 0.2050136 0.2050136 0.2153352 0.0990982 0.1689987 0.1737248 0.1704889 0.2014022 0.2041785 0.1807541 0.2048515 0.2048696 0.1020131 0.0000000 0.0005926 0.0004449 0.1815825 0.4279659 0.4322424 0.2582645 0.2537763 0.1925747 0.1869902 0.2371269 0.1258607 0.0946776 0.1266509 0.0884923 0.2118614 0.1013259 0.1001413 0.1449757 0.1808964 0.1249006 0.1898825 0.1202474 0.1813682 0.2618901 0.2439316 0.2592681 
Lycodon_dumereli_CDS1927         0.4502062 0.4395333 0.5654627 0.5634813 0.5582056 0.4155046 0.4513443 0.2974645 0.2696007 0.2471351 0.4430777 0.4483106 0.4333502 0.4640578 0.2278731 0.3660734 0.3643557 0.1542489 0.1483896 0.2962087 0.2927580 0.2927580 0.2927580 0.3083088 0.1389305 0.2554023 0.2607576 0.2560120 0.2884684 0.2920304 0.2585017 0.2921339 0.2927580 0.1437499 0.0005926 0.0000000 0.0000010 0.2631388 0.4240754 0.4283331 0.5109028 0.4992710 0.6398225 0.2774055 0.2371269 0.1246985 0.1278777 0.1254956 0.1198192 0.4116430 0.1426593 0.1410382 0.1437721 0.2661881 0.3336876 0.2819980 0.1886989 0.2676617 0.2641547 0.5084390 0.7738721 
Lycodon_dumereli_RMB4393         0.4502062 0.4395333 0.5654627 0.5634813 0.5582056 0.2365055 0.2948159 0.2038883 0.2698716 0.2473857 0.4430777 0.4483106 0.4333502 0.4640578 0.1413254 0.1891830 0.3643557 0.1063808 0.1037951 0.2057978 0.2943032 0.2037675 0.2037675 0.2140521 0.0982556 0.1678628 0.1725969 0.1693646 0.2001526 0.2029222 0.1794436 0.2036036 0.2036244 0.1011591 0.0004449 0.0000010 0.0000000 0.1804185 0.4240754 0.4283331 0.2563439 0.2518663 0.1925747 0.1857971 0.2371269 0.1245927 0.0938460 0.1253899 0.0876775 0.2100996 0.1004745 0.0992909 0.1436506 0.1797617 0.1229237 0.1911324 0.1214814 0.1825904 0.2638907 0.2418201 0.2565384 
Lycodon_effraensis_DSM927L       0.4816014 0.4811499 0.4672073 0.6435996 0.5627756 0.2452701 0.3067656 0.2233717 0.3229676 0.3077472 0.4741924 0.4478036 0.4225974 0.3774044 0.1533897 0.1883387 0.3567744 0.1668572 0.1685742 0.2177263 0.3100393 0.2130257 0.2130257 0.2255045 0.1746831 0.1643648 0.1720499 0.1710913 0.2164401 0.2145416 0.1814446 0.2172117 0.2131747 0.1676474 0.1815825 0.2631388 0.1804185 0.0000000 0.3859058 0.3887612 0.2575341 0.1950323 0.1431909 0.1568091 0.1840416 0.2462515 0.1725716 0.2430707 0.1707278 0.1523718 0.1662277 0.1661081 0.2449853 0.1742464 0.1238860 0.1781314 0.1157537 0.1872864 0.2609441 0.2258518 0.2329549 
Lycodon_fasciatus_234875         0.4459601 0.4582036 0.4675442 0.6557470 0.6030105 0.6224208 0.8097472 0.5707064 0.5126553 0.5083238 0.5128942 0.5200325 0.4708677 0.3915630 0.5637767 0.2922784 0.2837702 0.3869738 0.3832869 0.4888517 0.4673506 0.4673506 0.4673506 0.5109780 0.4147479 0.1836340 0.1876049 0.1851512 0.4717947 0.4932698 0.4322870 0.4713228 0.4673506 0.3842542 0.4279659 0.4240754 0.4240754 0.3859058 0.0000000 0.0091731 0.4660959 0.4574941 0.6181024 0.4606393 0.6397713 0.3551415 0.3631137 0.3520626 0.3679391 0.3771751 0.3770018 0.3777845 0.3797662 0.4544491 0.1804598 0.4369963 0.3295239 0.4206578 0.3972427 0.3839795 0.7797403 
Lycodon_fasciatus_234957         0.4559934 0.4685663 0.4944758 0.6687496 0.6029956 0.6386727 0.8330399 0.5733771 0.5054064 0.4988357 0.5032911 0.5177746 0.4626721 0.3844963 0.5538222 0.2832009 0.2831871 0.4045905 0.4007817 0.5189776 0.4962766 0.4962766 0.4962766 0.5420601 0.4334074 0.1649714 0.1686814 0.1706153 0.5101184 0.5235799 0.4538544 0.5089140 0.4962766 0.4018439 0.4322424 0.4283331 0.4283331 0.3887612 0.0091731 0.0000000 0.4768731 0.4616132 0.6448723 0.4414396 0.6674890 0.3721938 0.3505376 0.3724901 0.3637514 0.3850723 0.3942954 0.3952519 0.3971497 0.4603974 0.1676142 0.4152745 0.3226826 0.4048824 0.4135934 0.3953654 0.7817436 
Lycodon_jara_235387              0.6138288 0.6151887 0.3725929 0.7973153 0.7516852 0.2838077 0.3826069 0.3217819 0.7016721 0.5266567 0.6283443 0.6790550 0.5367453 0.5075712 0.2559286 0.2349431 0.4591170 0.2189267 0.2170825 0.1987169 0.3319477 0.1761792 0.1761792 0.2049443 0.2415887 0.2926769 0.2976655 0.3003200 0.2026148 0.1933770 0.1651401 0.2006264 0.1761792 0.2218276 0.2582645 0.5109028 0.2563439 0.2575341 0.4660959 0.4768731 0.0000000 0.2127388 0.1415138 0.2109735 0.4933133 0.5006508 0.2596887 0.4925132 0.2571354 0.2898321 0.2174674 0.2171606 0.4249189 0.2903562 0.1349734 0.3074178 0.1989510 0.3094613 0.6072348 0.1509665 0.3037057 
Lycodon_laoensis_258659          0.5146467 0.5133358 0.4295006 0.6577737 0.5844087 0.2348402 0.3578092 0.3173898 0.5854952 0.5637416 0.4563898 0.5281910 0.4277997 0.3942607 0.1747234 0.1919337 0.3561417 0.2269526 0.2287449 0.2302633 0.4286166 0.2243600 0.2243600 0.2316459 0.2295432 0.2702614 0.2815598 0.2824482 0.2291508 0.2204832 0.1783922 0.2247554 0.2243600 0.2293284 0.2537763 0.4992710 0.2518663 0.1950323 0.4574941 0.4616132 0.2127388 0.0000000 0.0073542 0.0152230 0.0072435 0.4754781 0.2459304 0.4572353 0.2442263 0.2069333 0.2283734 0.2285191 0.4364934 0.2643788 0.1246814 0.2287093 0.1300488 0.2420631 0.4267294 0.1836172 0.2383448 
Lycodon_laoensis_262186          0.6668101 0.6568142 0.4398417 0.5871430 0.7499543 0.0654732 0.2875463 0.2216019 0.8028655 0.8418423 0.5114588 0.5999301 0.3725696 0.3865417 0.0358090 0.1381394 0.3894463 0.1735584 0.1759480 0.1739974 0.5112816 0.1678034 0.1678034 0.1728780 0.1780038 0.2033774 0.2151532 0.2177391 0.1686921 0.1675779 0.1012343 0.1663638 0.1678034 0.1764532 0.1925747 0.6398225 0.1925747 0.1431909 0.6181024 0.6448723 0.1415138 0.0073542 0.0000000 0.0045368 0.0150719 0.5694405 0.1860224 0.5136955 0.1875073 0.1464972 0.1778970 0.1778970 0.5412568 0.1987811 0.0114848 0.1898358 0.0292298 0.1945282 0.5310467 0.1025988 0.0498238 
Lycodon_laoensis_8481            0.5092699 0.4980585 0.4187570 0.6509711 0.6135715 0.2364658 0.3165694 0.2391303 0.3466898 0.3145734 0.4663332 0.5016185 0.4060565 0.3644577 0.1360530 0.1876268 0.3804147 0.1707185 0.1716561 0.1754502 0.2629428 0.1749752 0.1749752 0.1793151 0.1753772 0.1976895 0.2023143 0.2007226 0.1756010 0.1735631 0.1398651 0.1728438 0.1748561 0.1709808 0.1869902 0.2774055 0.1857971 0.1568091 0.4606393 0.4414396 0.2109735 0.0152230 0.0045368 0.0000000 0.0131643 0.2674366 0.1796012 0.2652382 0.1794750 0.2021103 0.1704862 0.1701421 0.2527933 0.2021397 0.1170373 0.1739823 0.1104284 0.1810464 0.2651633 0.1742528 0.2393855 
Lycodon_laoensis_DSM902L         0.6621966 0.6738029 0.4900440 0.6007346 0.7513801 0.2605217 0.4761015 0.2907381 0.3023271 0.2960624 0.4988107 0.6060118 0.3725696 0.3865417 0.0790171 0.4133271 0.3897183 0.2397629 0.2383478 0.2218984 0.2169583 0.2169583 0.2169583 0.2251136 0.2257620 0.2862120 0.2899254 0.2859623 0.2161433 0.2141983 0.1409746 0.2132409 0.2166549 0.2346308 0.2371269 0.2371269 0.2371269 0.1840416 0.6397713 0.6674890 0.4933133 0.0072435 0.0150719 0.0131643 0.0000000 0.2307971 0.2217921 0.2111254 0.2297313 0.4383729 0.2361416 0.2361416 0.2313824 0.2503470 0.0000010 0.2548744 0.0804823 0.2555475 0.2424401 0.4858435 0.2569264 
Lycodon_muelleri_CDS5256         0.5256013 0.5117787 0.5045360 0.5368677 0.4953344 0.3950077 0.4301098 0.3062879 0.2644444 0.2659109 0.4198119 0.4423960 0.4919464 0.4681005 0.2139262 0.3115485 0.3227479 0.1192131 0.1151316 0.2821139 0.2809049 0.2809049 0.2809049 0.2993511 0.1157485 0.2684168 0.2707997 0.2633197 0.2840263 0.2746923 0.2594799 0.2907147 0.2806339 0.1110532 0.1258607 0.1246985 0.1245927 0.2462515 0.3551415 0.3721938 0.5006508 0.4754781 0.5694405 0.2674366 0.2307971 0.0000000 0.0344105 0.0356288 0.0065889 0.3924686 0.1109008 0.1093077 0.1113358 0.2372059 0.3469419 0.2514177 0.1694065 0.2333659 0.2310537 0.4779173 0.6907056 
Lycodon_muelleri_DLSUD031        0.4964131 0.4917381 0.5173899 0.5734005 0.5002660 0.2439077 0.2899187 0.1967361 0.2471428 0.2624409 0.4176011 0.4468810 0.4639344 0.4355004 0.1347737 0.1701239 0.3264628 0.0800752 0.0783875 0.1945939 0.2661105 0.1893912 0.1893912 0.2110626 0.0814834 0.1642416 0.1672662 0.1653417 0.2000001 0.1937294 0.1808132 0.2028292 0.1892597 0.0761915 0.0946776 0.1278777 0.0938460 0.1725716 0.3631137 0.3505376 0.2596887 0.2459304 0.1860224 0.1796012 0.2217921 0.0344105 0.0000000 0.0072053 0.0239650 0.2130545 0.0761380 0.0756700 0.1070751 0.1679178 0.1337057 0.1768835 0.1179667 0.1655320 0.2376665 0.2366467 0.2413340 
Lycodon_muelleri_RMB10605        0.4734825 0.4689379 0.4866333 0.5541966 0.4997208 0.4277311 0.4360349 0.2831003 0.2557791 0.2608320 0.4242742 0.4533203 0.4511610 0.4418097 0.2090032 0.3091579 0.3146421 0.1111732 0.1074855 0.2650496 0.2601576 0.2601576 0.2601576 0.2897081 0.1112146 0.2491554 0.2517132 0.2487397 0.2703096 0.2626920 0.2549842 0.2716906 0.2599094 0.1036539 0.1266509 0.1254956 0.1253899 0.2430707 0.3520626 0.3724901 0.4925132 0.4572353 0.5136955 0.2652382 0.2111254 0.0356288 0.0072053 0.0000000 0.0354655 0.3858792 0.1035201 0.1029325 0.1039328 0.2469563 0.3659061 0.2580394 0.1783682 0.2400118 0.2330298 0.4588825 0.6626845 
Lycodon_muelleri_RMB9788         0.5161672 0.5023945 0.5131407 0.5530736 0.4921630 0.2259637 0.2879961 0.2071049 0.2643366 0.2608482 0.4178856 0.4418661 0.4785327 0.4659400 0.1337664 0.1653147 0.3216313 0.0816822 0.0799442 0.1990411 0.2783078 0.1957467 0.1957467 0.2102554 0.0794318 0.1713035 0.1760217 0.1712672 0.1997916 0.1958429 0.1822055 0.2069926 0.1957467 0.0778081 0.0884923 0.1198192 0.0876775 0.1707278 0.3679391 0.3637514 0.2571354 0.2442263 0.1875073 0.1794750 0.2297313 0.0065889 0.0239650 0.0354655 0.0000000 0.2048607 0.0777522 0.0766037 0.1107105 0.1606608 0.1289458 0.1781545 0.1140791 0.1687620 0.2405735 0.2384537 0.2456461 
Lycodon_effraensis_9670          0.4444629 0.4433379 0.4776592 0.5778912 0.5847679 0.2649400 0.3939899 0.3070195 0.5868577 0.6089193 0.4898966 0.5063658 0.3884113 0.3459292 0.2045678 0.1758381 0.3907806 0.2263993 0.2281502 0.2673579 0.5311726 0.2810057 0.2810057 0.2751215 0.2358101 0.2215823 0.2253094 0.2271700 0.2705915 0.2712834 0.2345691 0.2717481 0.2810057 0.2288445 0.2118614 0.4116430 0.2100996 0.1523718 0.3771751 0.3850723 0.2898321 0.2069333 0.1464972 0.2021103 0.4383729 0.3924686 0.2130545 0.3858792 0.2048607 0.0000000 0.2249855 0.2247222 0.4393916 0.2496302 0.1140870 0.2310485 0.1343116 0.2267356 0.3939155 0.2082679 0.2243962 
Lycodon_sp_RMB5948               0.4566788 0.4491893 0.4537643 0.5298680 0.5380858 0.2247264 0.2875165 0.2172215 0.2776338 0.2419857 0.3891861 0.4286066 0.4499308 0.4002302 0.1285578 0.1592940 0.3311766 0.0013680 0.0008891 0.1896106 0.2720759 0.1888180 0.1888180 0.1993269 0.0200631 0.1629595 0.1636728 0.1601415 0.1953250 0.1921573 0.1757982 0.1983016 0.1886868 0.0035601 0.1013259 0.1426593 0.1004745 0.1662277 0.3770018 0.3942954 0.2174674 0.2283734 0.1778970 0.1704862 0.2361416 0.1109008 0.0761380 0.1035201 0.0777522 0.2249855 0.0000000 0.0000010 0.0017506 0.1634303 0.1239934 0.1688737 0.1098877 0.1640745 0.2292941 0.2219334 0.2486368 
Lycodon_sp_RMB5965               0.4583502 0.4507824 0.4501389 0.5324520 0.5373263 0.2271612 0.2900162 0.2157017 0.2748401 0.2417842 0.3891861 0.4286066 0.4532206 0.4027077 0.1282552 0.1592940 0.3323167 0.0013747 0.0008934 0.1885806 0.2724522 0.1887772 0.1887772 0.1993241 0.0196600 0.1625913 0.1621887 0.1594638 0.1953250 0.1921284 0.1757982 0.1982950 0.1886457 0.0035773 0.1001413 0.1410382 0.0992909 0.1661081 0.3777845 0.3952519 0.2171606 0.2285191 0.1778970 0.1701421 0.2361416 0.1093077 0.0756700 0.1029325 0.0766037 0.2247222 0.0000010 0.0000000 0.0017617 0.1617879 0.1251756 0.1701451 0.1095246 0.1652973 0.2317306 0.2194861 0.2454465 
Lycodon_sp_RMB5991               0.4599039 0.4523965 0.4646398 0.5321819 0.5382176 0.3949208 0.4435589 0.3209546 0.2792172 0.2418688 0.3860231 0.4255483 0.4499308 0.4002302 0.2096381 0.3030760 0.3337611 0.0012194 0.0005891 0.2749787 0.2735870 0.2735870 0.2735870 0.2893139 0.0266264 0.2536287 0.2561210 0.2502095 0.2844715 0.2775926 0.2599544 0.2864847 0.2733237 0.0041352 0.1449757 0.1437721 0.1436506 0.2449853 0.3797662 0.3971497 0.4249189 0.4364934 0.5412568 0.2527933 0.2313824 0.1113358 0.1070751 0.1039328 0.1107105 0.4393916 0.0017506 0.0017617 0.0000000 0.2387366 0.3572895 0.2471359 0.1738693 0.2387490 0.2307121 0.4625738 0.7301582 
Lycodon_stormi_JAM7487           0.4780497 0.4768385 0.6243978 0.8159045 0.6304094 0.2564196 0.3581671 0.2325952 0.3187634 0.3591029 0.4381451 0.4875070 0.4517325 0.3984577 0.1566418 0.1814336 0.3598802 0.1718971 0.1675730 0.2390981 0.3475589 0.2330265 0.2330265 0.2401117 0.1634752 0.1687785 0.1689231 0.1660606 0.2268055 0.2287009 0.1982531 0.2288434 0.2319928 0.1643411 0.1808964 0.2661881 0.1797617 0.1742464 0.4544491 0.4603974 0.2903562 0.2643788 0.1987811 0.2021397 0.2503470 0.2372059 0.1679178 0.2469563 0.1606608 0.2496302 0.1634303 0.1617879 0.2387366 0.0000000 0.1561521 0.1831281 0.1213620 0.1819056 0.2594062 0.2649168 0.2584881 
Lycodon_subcinctus_4199          0.3871623 0.3888272 0.3835945 0.5920040 0.4372505 0.2178444 0.2125090 0.1924842 0.4807223 0.2766133 0.4599805 0.4692319 0.3676377 0.3167733 0.1686499 0.0756660 0.2393803 0.1260013 0.1260013 0.1643869 0.4245110 0.1612464 0.1612464 0.1722882 0.1320106 0.0727891 0.0744913 0.0733918 0.1569371 0.1587228 0.1708530 0.1630330 0.1612464 0.1306066 0.1249006 0.3336876 0.1229237 0.1238860 0.1804598 0.1676142 0.1349734 0.1246814 0.0114848 0.1170373 0.0000010 0.3469419 0.1337057 0.3659061 0.1289458 0.1140870 0.1239934 0.1251756 0.3572895 0.1561521 0.0000000 0.1184723 0.1070872 0.1104187 0.2738915 0.1380783 0.2257604 
Lycodon_subcinctus_5016          0.4424377 0.4491838 0.5252296 0.6062274 0.5547087 0.2324933 0.3140688 0.2435499 0.3185366 0.3213634 0.4535206 0.5152920 0.4189394 0.3895405 0.1361186 0.1620203 0.3223345 0.1729892 0.1732323 0.2108900 0.2979268 0.2087631 0.2087631 0.2086960 0.1731672 0.1716499 0.1740156 0.1709094 0.2041862 0.2009129 0.1587980 0.2049175 0.2086156 0.1710069 0.1898825 0.2819980 0.1911324 0.1781314 0.4369963 0.4152745 0.3074178 0.2287093 0.1898358 0.1739823 0.2548744 0.2514177 0.1768835 0.2580394 0.1781545 0.2310485 0.1688737 0.1701451 0.2471359 0.1831281 0.1184723 0.0000000 0.0429760 0.0371245 0.0552722 0.2049810 0.2555316 
Lycodon_subcinctus_DSM1449L      0.3273631 0.3314923 0.4654115 0.5117027 0.4722558 0.2254868 0.2094265 0.1581371 0.1959501 0.1679553 0.3641317 0.3418107 0.3624004 0.3136023 0.1233080 0.1139005 0.3175806 0.1137971 0.1124207 0.1441423 0.1998284 0.1330097 0.1330097 0.1396273 0.1096096 0.0945015 0.0940985 0.0922717 0.1377383 0.1314262 0.1326451 0.1411505 0.1328982 0.1110399 0.1202474 0.1886989 0.1214814 0.1157537 0.3295239 0.3226826 0.1989510 0.1300488 0.0292298 0.1104284 0.0804823 0.1694065 0.1179667 0.1783682 0.1140791 0.1343116 0.1098877 0.1095246 0.1738693 0.1213620 0.1070872 0.0429760 0.0000000 0.0420719 0.0620541 0.1761345 0.2093101 
Lycodon_subcinctus_RMB3097       0.4328789 0.4257266 0.5242869 0.6151684 0.5871027 0.2120028 0.2778232 0.2418414 0.3004020 0.3055760 0.4728142 0.4633841 0.4230250 0.4047455 0.1341404 0.1570603 0.3089993 0.1679052 0.1682841 0.2188147 0.3059498 0.2132355 0.2132355 0.2115029 0.1713234 0.1731481 0.1729637 0.1698478 0.2055386 0.2082394 0.1741555 0.2088342 0.2130836 0.1650152 0.1813682 0.2676617 0.1825904 0.1872864 0.4206578 0.4048824 0.3094613 0.2420631 0.1945282 0.1810464 0.2555475 0.2333659 0.1655320 0.2400118 0.1687620 0.2267356 0.1640745 0.1652973 0.2387490 0.1819056 0.1104187 0.0371245 0.0420719 0.0000000 0.0035231 0.2101729 0.2375081 
Lycodon_subcinctus_RMB7585       0.4097784 0.4028125 0.4962481 0.6028532 0.5708773 0.3532716 0.4106325 0.3532005 0.2986347 0.3003643 0.4671536 0.4581385 0.4169786 0.3989487 0.2104122 0.2740332 0.2946456 0.2397015 0.2373520 0.3014844 0.2930264 0.2930264 0.2930264 0.2890665 0.2401180 0.2686880 0.2659547 0.2608934 0.2814458 0.2837067 0.2415832 0.2839654 0.2927396 0.2308743 0.2618901 0.2641547 0.2638907 0.2609441 0.3972427 0.4135934 0.6072348 0.4267294 0.5310467 0.2651633 0.2424401 0.2310537 0.2376665 0.2330298 0.2405735 0.3939155 0.2292941 0.2317306 0.2307121 0.2594062 0.2738915 0.0552722 0.0620541 0.0035231 0.0000000 0.4110672 0.6150388 
Lycodon_zawi_239944              0.5574473 0.5633073 0.0177735 0.6625708 0.5811528 0.2619015 0.3111996 0.3429521 0.7002149 0.5269233 0.6238774 0.5983091 0.5974566 0.5751201 0.2345913 0.1917229 0.4146356 0.2239415 0.2239415 0.1243673 0.2097473 0.1112475 0.1112475 0.1348321 0.2174643 0.2427600 0.2414015 0.2351418 0.1249855 0.1237416 0.1261742 0.1262183 0.1112475 0.2233949 0.2439316 0.5084390 0.2418201 0.2258518 0.3839795 0.3953654 0.1509665 0.1836172 0.1025988 0.1742528 0.4858435 0.4779173 0.2366467 0.4588825 0.2384537 0.2082679 0.2219334 0.2194861 0.4625738 0.2649168 0.1380783 0.2049810 0.1761345 0.2101729 0.4110672 0.0000000 0.2835166 
Oligodon_maculatus_RMB11713      0.6788974 0.6692643 0.8222419 0.8266149 0.7555709 0.3120343 0.3153062 0.2921363 0.6474984 0.5366672 0.6184103 0.5788424 0.6849124 0.6624025 0.2190841 0.2418221 0.7249762 0.2512685 0.2512685 0.2952016 0.7670508 0.2838140 0.2838140 0.3122137 0.2632347 0.2663585 0.2762640 0.2752060 0.3024411 0.2993536 0.2897666 0.3071292 0.2838140 0.2532028 0.2592681 0.7738721 0.2565384 0.2329549 0.7797403 0.7817436 0.3037057 0.2383448 0.0498238 0.2393855 0.2569264 0.6907056 0.2413340 0.6626845 0.2456461 0.2243962 0.2486368 0.2454465 0.7301582 0.2584881 0.2257604 0.2555316 0.2093101 0.2375081 0.6150388 0.2835166 0.0000000 
