92
1935|Avian|A/chicken/Brescia/1902|Italy|H7N7                           0.0000000 0.1924149 0.2834043 0.2787441 1.2094217 0.2355962 1.2055822 0.2605783 1.1815425 0.2582351 0.2582351 1.2281299 1.2344074 1.2182180 1.2008970 1.1833626 1.2137410 1.2156149 1.2224277 1.1837567 1.2261807 1.1195166 1.1935458 1.1797122 1.1775614 0.2723569 1.1669496 0.2888313 1.2078473 1.1755192 0.2995550 1.1512644 1.1678294 0.2697713 1.1512644 1.1953344 1.1818788 1.1843263 0.2922021 0.2980976 0.2844857 0.2845765 1.1827432 0.2878990 1.1645906 0.2946000 0.2665020 1.1478678 1.1407804 0.2734746 0.2901733 0.2656227 0.3053167 0.2996348 1.1407890 1.1641945 0.2780669 0.2738086 1.1264641 0.2855131 0.2878276 0.3035853 1.1633479 1.1284904 1.1388931 0.3228114 1.1843418 1.2193505 0.2822505 1.1271672 1.1175580 0.2785427 1.1141607 1.3017349 1.0932538 1.1812345 1.1058231 1.0958198 0.3315449 1.1272714 1.1471460 1.0988077 0.3475790 0.7032275 0.7032275 0.7048519 0.7016479 0.6972793 0.6980264 0.7002660 0.6963186 0.7089011 
1949|Avian|A/chicken/Germany/N/1949|Germany|H10N7                      0.1924149 0.0000000 0.1273258 0.1259326 1.2300498 0.1136962 1.2392767 0.1129025 1.2100029 0.1583475 0.1583475 1.2358485 1.2429779 1.2374797 1.2137627 1.1950905 1.2199017 1.2563568 1.2282224 1.2008003 1.2252011 1.1360226 1.2329146 1.2152441 1.1894870 0.1732921 1.2118660 0.1853193 1.2412250 1.2252929 0.1880106 1.1898804 1.1978907 0.1705090 1.1898804 1.2252769 1.2129786 1.2154771 0.1830563 0.1974034 0.1882732 0.1883227 1.2195577 0.1856799 1.2375940 0.1910632 0.1775047 1.1986718 1.2140881 0.1747603 0.1996730 0.1758282 0.1893845 0.1951302 1.1716590 1.2123137 0.1867673 0.1708872 1.1694770 0.2006459 0.1789833 0.1886692 1.1977658 1.1745871 1.1756840 0.2154673 1.2213518 1.2566729 0.1845871 1.1491826 1.1537830 0.1814425 1.1891301 1.3430056 1.1778599 1.2227759 1.1564480 1.1722498 0.2162277 1.1540414 1.1561608 1.1778097 0.2341872 0.6865271 0.6865271 0.7426748 0.7390441 0.7347351 0.7355382 0.7377350 0.7337942 0.7467321 
1976|Avian|A/chicken/Victoria/1976|Australia|H7N7                      0.2834043 0.1273258 0.0000000 0.0035979 1.2191567 0.1605257 1.2453208 0.1405034 1.2163224 0.1240536 0.1240536 1.2350113 1.2421098 1.2409685 1.2224496 1.2103006 1.2304655 1.2738880 1.2216472 1.2056535 1.2472728 1.1349575 1.2219577 1.2081503 1.1957865 0.2047477 1.2093886 0.2272607 1.2292053 1.2181779 0.2089334 1.1908594 1.1993588 0.2064243 1.1908594 1.2311463 1.2129604 1.2154348 0.2210523 0.2094801 0.2307041 0.2307705 1.2194763 0.2265092 1.2295277 0.2162085 0.2213514 1.1901123 1.2140593 0.2278637 0.2417887 0.2173880 0.2376647 0.2310636 1.1559515 1.2224409 0.2297035 0.2114000 1.1612448 0.2462465 0.2258528 0.2267898 1.1771256 1.1583679 1.1535270 0.2363756 1.2109500 1.2524966 0.2290195 1.1417030 1.1269149 0.2284414 1.1501662 1.3690422 1.1320837 1.2470093 1.1290756 1.1265534 0.2308879 1.1230173 1.1572946 1.1277426 0.2550172 0.7246148 0.7246148 0.7502295 0.7437821 0.7394259 0.7355117 0.7377459 0.7337380 0.7468941 
1976|Avian|A/duck/Victoria/1976|Australia|H7N7                         0.2787441 0.1259326 0.0035979 0.0000000 1.2423399 0.1586920 1.2690723 0.1366608 1.2393930 0.1249373 0.1249373 1.2615725 1.2688662 1.2646925 1.2508993 1.2385274 1.2592019 1.2982792 1.2500638 1.2336857 1.2764148 1.1601053 1.2505626 1.2363313 1.2236600 0.2017220 1.2367337 0.2242238 1.2580174 1.2457795 0.2058922 1.2185486 1.2272785 0.2034058 1.2185486 1.2598764 1.2412328 1.2437609 0.2180261 0.2095992 0.2309393 0.2310065 1.2479418 0.2235159 1.2582045 0.2148669 0.2241606 1.2177203 1.2422018 0.2248776 0.2387886 0.2128736 0.2380866 0.2280434 1.1828369 1.2495213 0.2300305 0.2115354 1.1882280 0.2432586 0.2228013 0.2270937 1.2045089 1.1853727 1.1802663 0.2367755 1.2392781 1.2803968 0.2293466 1.1680529 1.1530098 0.2287598 1.1767463 1.3991255 1.1557328 1.2746781 1.1551516 1.1525749 0.2304474 1.1489581 1.1841604 1.1537458 0.2564608 0.7361623 0.7361623 0.7644131 0.7577890 0.7534008 0.7494656 0.7517111 0.7476587 0.7611033 
1977|Avian|A/pintail_duck/ALB/303/1977|Canada|H10N7                    1.2094217 1.2300498 1.2191567 1.2423399 0.0000000 1.1528130 0.0238380 1.2556267 0.0341964 1.1716555 1.1716555 0.0452202 0.0453091 0.0416401 0.0458649 0.0450409 0.0485123 0.0537474 0.0627250 0.0554719 0.0699920 0.0675129 0.0844705 0.0797340 0.0645516 1.2490929 0.0926849 1.2392850 0.0935346 0.0918347 1.2508416 0.0880105 0.0867958 1.2597206 0.0880105 0.0908606 0.0906626 0.0896509 1.2105894 1.1885005 1.2690659 1.2686598 0.0948762 1.2470444 0.1069474 1.2573785 1.2440243 0.1011993 0.1069486 1.2124376 1.2229142 1.2504310 1.2430981 1.1910154 0.1147678 0.1100058 1.2531315 1.2064216 0.1099669 1.2655759 1.2413606 1.2650321 0.1202184 0.1176560 0.1133105 1.2012916 0.1056967 0.1130310 1.2757302 0.1204133 0.1158483 1.2596766 0.1135115 0.1177465 0.1247584 0.1073535 0.1203517 0.1202260 1.2253312 0.1217607 0.1205923 0.1204802 1.2195280 1.2604701 1.2604701 1.3216062 1.3250475 1.3156796 1.3168295 1.3189956 1.3148626 1.3335606 
1979|Avian|A/goose/Leipzig/187-7/1979|Germany|H7N7                     0.2355962 0.1136962 0.1605257 0.1586920 1.1528130 0.0000000 1.1283458 0.0324517 1.0875516 0.1828936 0.1828936 1.1254920 1.1214021 1.1277851 1.0896505 1.0807877 1.1077977 1.1175543 1.1058290 1.0968862 1.1471998 1.0602856 1.1186882 1.1123600 1.0674898 0.1070996 1.1247420 0.1129131 1.1139132 1.1381229 0.1302655 1.0980580 1.0919591 0.1140710 1.0980580 1.1126547 1.1096682 1.1096682 0.1270231 0.1247536 0.1203077 0.1203344 1.1304365 0.1198349 1.1338287 0.1200975 0.1200727 1.0856038 1.1071595 0.1222099 0.1384584 0.1156752 0.1340152 0.1343845 1.0603611 1.1134230 0.1316433 0.1178225 1.0596337 0.1382107 0.1261298 0.1310671 1.0789476 1.0647080 1.0635153 0.1429764 1.1264925 1.1474553 0.1258210 1.0261104 1.0436057 0.1183163 1.0733483 1.2449221 1.0558423 1.1265145 1.0466137 1.0639408 0.1377806 1.0418376 1.0626243 1.0645186 0.1530183 0.7082148 0.7082148 0.7222047 0.7238732 0.7187604 0.7196403 0.7221376 0.7176891 0.7321143 
1979|Avian|A/mallard_duck/Minnesota/19/1979|USA|H10N7                  1.2055822 1.2392767 1.2453208 1.2690723 0.0238380 1.1283458 0.0000000 1.2664213 0.0199183 1.1869752 1.1869752 0.0318563 0.0302993 0.0301255 0.0309205 0.0301356 0.0333904 0.0399864 0.0502102 0.0449948 0.0661876 0.0506222 0.0728204 0.0701088 0.0502013 1.2604959 0.0821254 1.2484755 0.0853394 0.0812792 1.2614186 0.0799970 0.0788374 1.2673030 0.0799970 0.0827819 0.0845624 0.0835732 1.2314009 1.2003186 1.2867180 1.2863040 0.0886939 1.2684155 0.1004620 1.2672649 1.2545994 0.0948711 0.1004659 1.2289774 1.2362756 1.2609946 1.2598240 1.2135102 0.1080939 0.1044073 1.2637146 1.2115113 0.1013347 1.2845738 1.2586599 1.2818922 0.1156391 0.1130673 0.1066881 1.2282539 0.1013132 0.1108064 1.2926473 0.1171025 0.1091455 1.2764717 0.1090081 0.1127972 0.1222849 0.1018234 0.1135453 0.1177938 1.2473361 0.1149061 0.1182022 0.1180414 1.2369647 1.2876771 1.2876771 1.3408907 1.3488390 1.3394345 1.3405823 1.3427545 1.3386172 1.3574510 
1980|Avian|A/duck/Potsdam/15/1980|Germany|H7N7                         0.2605783 0.1129025 0.1405034 0.1366608 1.2556267 0.0324517 1.2664213 0.0000000 1.2262493 0.1800903 0.1800903 1.2617309 1.2682898 1.2668029 1.2309554 1.2227132 1.2544370 1.2668428 1.2458010 1.2291787 1.2896050 1.1505556 1.2643146 1.2455457 1.2149013 0.0958525 1.2340385 0.1027808 1.2480259 1.2477009 0.1107580 1.2188312 1.2232463 0.0935531 1.2188312 1.2492612 1.2380831 1.2406314 0.1136401 0.1150928 0.1086280 0.1086496 1.2556462 0.1117146 1.2696374 0.1085952 0.1084531 1.2136604 1.2497964 0.1115489 0.1298995 0.1013260 0.1201376 0.1161692 1.1768833 1.2510290 0.1189674 0.1055734 1.1778108 0.1277616 0.1212572 0.1175301 1.1995449 1.1762626 1.1862610 0.1272528 1.2588824 1.2813176 0.1224015 1.1404641 1.1691872 0.1197538 1.1946593 1.3584809 1.1728873 1.2604020 1.1718796 1.1759267 0.1262405 1.1641405 1.1803817 1.1824912 0.1438339 0.7504311 0.7504311 0.7829845 0.7743115 0.7699220 0.7707981 0.7730238 0.7689722 0.7826269 
1984|Avian|A/redhead_duck/ALB/767/1984|Canada|H10N7                    1.1815425 1.2100029 1.2163224 1.2393930 0.0341964 1.0875516 0.0199183 1.2262493 0.0000000 1.1468737 1.1468737 0.0359114 0.0343387 0.0341372 0.0349430 0.0341485 0.0358158 0.0424705 0.0545392 0.0509661 0.0689099 0.0533094 0.0756060 0.0719851 0.0527689 1.2287923 0.0830947 1.2168275 0.0873301 0.0822487 1.2349862 0.0819473 0.0807751 1.2348302 0.0819473 0.0827870 0.0845672 0.0835782 1.2000226 1.1644050 1.2589470 1.2585462 0.0906957 1.2415934 0.1004346 1.2355700 1.2333027 0.0989703 0.1004385 1.2026011 1.2138345 1.2295270 1.2323464 1.1918001 0.1102367 0.1050523 1.2371203 1.1812546 0.1034258 1.2568836 1.2312556 1.2498307 0.1163686 0.1130291 0.1109921 1.2011127 0.1028113 0.1152019 1.2604841 0.1180195 0.1112964 1.2488697 0.1068079 0.1128260 0.1176987 0.1018507 0.1157250 0.1155056 1.2207164 0.1170998 0.1159198 0.1157471 1.2149212 1.2601684 1.2601684 1.3167882 1.3246065 1.3152783 1.3164235 1.3185806 1.3144647 1.3330844 
1985|Avian|A/chicken/Victoria/1985|Australia|H7N7                      0.2582351 0.1583475 0.1240536 0.1249373 1.1716555 0.1828936 1.1869752 0.1800903 1.1468737 0.0000000 0.0000010 1.1627415 1.1748852 1.1760863 1.1602515 1.1473554 1.1656483 1.1916424 1.1633064 1.1474628 1.1797626 1.0719928 1.1560882 1.1446378 1.1327831 0.2339247 1.1330277 0.2543240 1.1617193 1.1514454 0.2289424 1.1462578 1.1313165 0.2346129 1.1462578 1.1572518 1.1445280 1.1469696 0.2449125 0.2439931 0.2374178 0.2374889 1.1437635 0.2432320 1.1852271 0.2294557 0.2445583 1.1265406 1.1548614 0.2447757 0.2652565 0.2281110 0.2410599 0.2494571 1.1110756 1.1609801 0.2484845 0.2355611 1.0967020 0.2648493 0.2459434 0.2332193 1.1268519 1.0987393 1.1037495 0.2621163 1.1677103 1.1949128 0.2469279 1.1008956 1.0827189 0.2485819 1.0890446 1.2830841 1.1009293 1.1726502 1.0891957 1.0953795 0.2530683 1.0824552 1.1087621 1.0963063 0.2579798 0.6764091 0.6764091 0.7252919 0.7313089 0.7216794 0.7225231 0.7249009 0.7206596 0.7358298 
1985|Avian|A/starling/Victoria/1985|Australia|H7N7                     0.2582351 0.1583475 0.1240536 0.1249373 1.1716555 0.1828936 1.1869752 0.1800903 1.1468737 0.0000010 0.0000000 1.1627415 1.1748852 1.1760863 1.1602515 1.1473554 1.1656483 1.1916424 1.1633064 1.1474628 1.1797626 1.0719928 1.1560882 1.1446378 1.1327831 0.2339247 1.1330277 0.2543240 1.1617193 1.1514454 0.2289424 1.1462578 1.1313165 0.2346129 1.1462578 1.1572518 1.1445280 1.1469696 0.2449125 0.2439931 0.2374178 0.2374889 1.1437635 0.2432320 1.1852271 0.2294557 0.2445583 1.1265406 1.1548614 0.2447757 0.2652565 0.2281110 0.2410599 0.2494571 1.1110756 1.1609801 0.2484845 0.2355611 1.0967020 0.2648493 0.2459434 0.2332193 1.1268519 1.0987393 1.1037495 0.2621163 1.1677103 1.1949128 0.2469279 1.1008956 1.0827189 0.2485819 1.0890446 1.2830841 1.1009293 1.1726502 1.0891957 1.0953795 0.2530683 1.0824552 1.1087621 1.0963063 0.2579798 0.6764091 0.6764091 0.7252919 0.7313089 0.7216794 0.7225231 0.7249009 0.7206596 0.7358298 
1986|Avian|A/herring_gull/Delaware/471/1986|USA|H2N7                   1.2281299 1.2358485 1.2350113 1.2615725 0.0452202 1.1254920 0.0318563 1.2617309 0.0359114 1.1627415 1.1627415 0.0000000 0.0028497 0.0451587 0.0460002 0.0434667 0.0503919 0.0521707 0.0666201 0.0592300 0.0798008 0.0629437 0.0887861 0.0819848 0.0629001 1.2536474 0.0919814 1.2481631 0.0968756 0.0911269 1.2561387 0.0924336 0.0911819 1.2579564 0.0924336 0.0973908 0.0951197 0.0961308 1.2223295 1.2000137 1.2813823 1.2809687 0.1015432 1.2653150 0.1087099 1.2596899 1.2492938 0.1080275 0.1096233 1.2235920 1.2355233 1.2541993 1.2512157 1.2132660 0.1197999 0.1093392 1.2531042 1.2074964 0.1126833 1.2792428 1.2540158 1.2689408 0.1299988 0.1159423 0.1160479 1.2227346 0.1126233 0.1181951 1.2880933 0.1256229 0.1186352 1.2718781 0.1118360 0.1230872 0.1253263 0.1110669 0.1232093 0.1185077 1.2382560 0.1269340 0.1281060 0.1232872 1.2364218 1.2663405 1.2663405 1.3068092 1.3190018 1.3096779 1.3108239 1.3129805 1.3128923 1.3274579 
1986|Avian|A/laughing_gull/New_Jersey/798/1986|USA|H2N7                1.2344074 1.2429779 1.2421098 1.2688662 0.0453091 1.1214021 0.0302993 1.2682898 0.0343387 1.1748852 1.1748852 0.0028497 0.0000000 0.0435465 0.0443851 0.0418613 0.0487567 0.0505278 0.0649218 0.0575609 0.0780569 0.0601198 0.0860752 0.0793092 0.0612163 1.2601060 0.0888311 1.2546094 0.0940892 0.0879771 1.2625588 0.0896783 0.0884418 1.2644143 0.0896783 0.0946117 0.0923609 0.0933665 1.2286539 1.2062506 1.2879269 1.2875098 0.0987398 1.2718015 0.1058435 1.2661533 1.2557120 0.1051831 0.1077678 1.2299395 1.2418833 1.2606114 1.2576577 1.2195769 0.1168665 0.1064547 1.2595138 1.2137761 0.1098028 1.2857668 1.2604524 1.2754474 0.1270090 0.1130217 0.1131454 1.2344423 0.1097531 0.1152542 1.2946532 0.1226508 0.1157065 1.2783755 0.1099715 0.1199456 0.1234140 0.1081808 0.1202539 0.1166112 1.2500626 0.1239509 0.1251173 0.1213765 1.2482464 1.2782354 1.2782354 1.3174654 1.3297161 1.3203686 1.3215146 1.3236756 1.3235933 1.3382233 
1987|Avian|A/ruddy_turnstone/DE/2764/1987|USA|H10N7                    1.2182180 1.2374797 1.2409685 1.2646925 0.0416401 1.1277851 0.0301255 1.2668029 0.0341372 1.1760863 1.1760863 0.0451587 0.0435465 0.0000000 0.0301543 0.0277733 0.0375353 0.0238308 0.0476755 0.0441929 0.0598967 0.0525000 0.0738402 0.0692528 0.0528742 1.2698524 0.0801922 1.2578155 0.0824763 0.0793457 1.2564379 0.0791170 0.0760460 1.2705256 0.0791170 0.0818981 0.0797898 0.0788158 1.2408074 1.2222913 1.3008392 1.3004186 0.0838063 1.2831974 0.0933390 1.2766240 1.2646601 0.0919140 0.0933453 1.2532383 1.2547680 1.2702858 1.2737913 1.2325381 0.1007830 0.1078017 1.2730196 1.2223758 0.0962511 1.2986544 1.2672209 1.2916043 0.1081587 0.1056193 0.1015433 1.2420465 0.0983252 0.1077312 1.3013650 0.1104830 0.1018066 1.2851097 0.1016844 0.1104911 0.1146059 0.1009237 0.1060759 0.1102156 1.2576475 0.1095711 0.1128841 0.1126296 1.2518661 1.3050983 1.3050983 1.3550620 1.3586294 1.3491850 1.3503350 1.3525154 1.3483653 1.3673042 
1988|Avian|A/green-winged_teal/LA/169GW/1988|USA|H10N7                 1.2008970 1.2137627 1.2224496 1.2508993 0.0458649 1.0896505 0.0309205 1.2309554 0.0349430 1.1602515 1.1602515 0.0460002 0.0443851 0.0301543 0.0000000 0.0093703 0.0168468 0.0408016 0.0261378 0.0214219 0.0423242 0.0313742 0.0517888 0.0475348 0.0325060 1.2363471 0.0583811 1.2265695 0.0612941 0.0575545 1.2242531 0.0582771 0.0554759 1.2370630 0.0582771 0.0626731 0.0607534 0.0598495 1.2069265 1.1804989 1.2615492 1.2611473 0.0663142 1.2398459 0.0770107 1.2423500 1.2262636 0.0738684 0.0770210 1.2095257 1.2156478 1.2362647 1.2349422 1.1936087 0.0839880 0.0875206 1.2397001 1.1832730 0.0778687 1.2601296 1.2338455 1.2514415 0.0909083 0.0884665 0.0847454 1.1976489 0.0798053 0.0926428 1.2620854 0.0951020 0.0863552 1.2557975 0.0848731 0.0922427 0.0948064 0.0831520 0.0924378 0.0907172 1.2215848 0.0916205 0.0973444 0.0929353 1.2171660 1.2963893 1.2963893 1.3404587 1.3491707 1.3397668 1.3409144 1.3430864 1.3389496 1.3577834 
1988|Avian|A/ruddy_turnstone/DE/2378/1988|USA|H7N7                     1.1833626 1.1950905 1.2103006 1.2385274 0.0450409 1.0807877 0.0301356 1.2227132 0.0341485 1.1473554 1.1473554 0.0434667 0.0418613 0.0277733 0.0093703 0.0000000 0.0145910 0.0383242 0.0237966 0.0206625 0.0381899 0.0272428 0.0475048 0.0433089 0.0269274 1.2175557 0.0537762 1.2077536 0.0568191 0.0529536 1.2047960 0.0538649 0.0511173 1.2175284 0.0538649 0.0564103 0.0563195 0.0554300 1.1904495 1.1620380 1.2419499 1.2415555 0.0617851 1.2246229 0.0722877 1.2235933 1.2111089 0.0692140 0.0704034 1.1900491 1.2013280 1.2176154 1.2153935 1.1784801 0.0791421 0.0825952 1.2193215 1.1698563 0.0731382 1.2456808 1.2186886 1.2371941 0.0879380 0.0835294 0.0798996 1.1877719 0.0769761 0.0876248 1.2521903 0.0880426 0.0814552 1.2406144 0.0819627 0.0848267 0.0938184 0.0783138 0.0854459 0.0897412 1.2081189 0.0886260 0.0943035 0.0919513 1.2036609 1.2813650 1.2813650 1.3252517 1.3339213 1.3245187 1.3256705 1.3278437 1.3236998 1.3424908 
1989|Avian|A/mallard/Ohio/122/1989|USA|H10N7                           1.2137410 1.2199017 1.2304655 1.2592019 0.0485123 1.1077977 0.0333904 1.2544370 0.0358158 1.1656483 1.1656483 0.0503919 0.0487567 0.0375353 0.0168468 0.0145910 0.0000000 0.0467956 0.0301587 0.0253535 0.0432510 0.0322693 0.0545227 0.0502201 0.0317508 1.2471624 0.0613419 1.2373611 0.0641783 0.0605107 1.2349627 0.0604573 0.0582680 1.2372067 0.0604573 0.0637302 0.0636092 0.0626934 1.2132148 1.1866429 1.2573924 1.2569911 0.0673949 1.2463271 0.0775112 1.2525198 1.2423248 0.0769078 0.0762396 1.2114954 1.2174564 1.2420347 1.2413929 1.1998574 0.0871874 0.0907848 1.2461292 1.1945890 0.0809712 1.2620874 1.2402756 1.2633298 0.0962548 0.0917419 0.0879470 1.2092297 0.0849079 0.0959872 1.2740290 0.0957293 0.0895986 1.2623240 0.0900876 0.0935960 0.1023807 0.0843592 0.0957694 0.0981744 1.2289472 0.0970137 0.0986334 0.0983733 1.2245255 1.3019984 1.3019984 1.3452599 1.3584733 1.3490305 1.3501802 1.3523603 1.3482109 1.3671466 
1989|Avian|A/red_knot/NJ/325/1989|USA|H7N7                             1.2156149 1.2563568 1.2738880 1.2982792 0.0537474 1.1175543 0.0399864 1.2668428 0.0424705 1.1916424 1.1916424 0.0521707 0.0505278 0.0238308 0.0408016 0.0383242 0.0467956 0.0000000 0.0511084 0.0519302 0.0699745 0.0617723 0.0767099 0.0730709 0.0608809 1.2582489 0.0863558 1.2462802 0.0865177 0.0855071 1.2522408 0.0830971 0.0819151 1.2662036 0.0830971 0.0859104 0.0857275 0.0847326 1.2314512 1.2131353 1.2908992 1.2904852 0.0898621 1.2734167 0.0996139 1.2679249 1.2543203 0.0960488 0.0933666 1.2533798 1.2409832 1.2563733 1.2694407 1.2232429 0.1072039 0.1122442 1.2590755 1.2198434 0.1004596 1.2800681 1.2532736 1.2871131 0.1135783 0.1121659 0.1079619 1.2275539 0.0990378 0.1143686 1.2870758 0.1149192 0.1082531 1.2656461 0.1017315 0.1166378 0.1190888 0.1031037 0.1148283 0.1146377 1.2577561 0.1161993 0.1206670 0.1170923 1.2423277 1.2775108 1.2775108 1.3290585 1.3369621 1.3275731 1.3287223 1.3308921 1.3267557 1.3455274 
1991|Avian|A/duck/Alaska/658/1991|USA|H10N7                            1.2224277 1.2282224 1.2216472 1.2500638 0.0627250 1.1058290 0.0502102 1.2458010 0.0545392 1.1633064 1.1633064 0.0666201 0.0649218 0.0476755 0.0261378 0.0237966 0.0301587 0.0511084 0.0000000 0.0207041 0.0301388 0.0479003 0.0375205 0.0334586 0.0467334 1.2343418 0.0439581 1.2328319 0.0464060 0.0431444 1.2193757 0.0435951 0.0409695 1.2358206 0.0435951 0.0477943 0.0459999 0.0451429 1.2102708 1.1736141 1.2602262 1.2598261 0.0530010 1.2439040 0.0613216 1.2471475 1.2346552 0.0610718 0.0613336 1.2189011 1.2161914 1.2410527 1.2399805 1.1925217 0.0706811 0.0701805 1.2394244 1.1882339 0.0685695 1.2605635 1.2379010 1.2617970 0.0783215 0.0749151 0.0733286 1.1965446 0.0695801 0.0769142 1.2714312 0.0812999 0.0748140 1.2544959 0.0715389 0.0736958 0.0829111 0.0679753 0.0786996 0.0789733 1.2213490 0.0837952 0.0874215 0.0850570 1.2116396 1.3153604 1.3153604 1.3495403 1.3669039 1.3574414 1.3585911 1.3607749 1.3566210 1.3756179 
1991|Avian|A/turkey/VA/31409/1991|USA|H10N7                            1.1837567 1.2008003 1.2056535 1.2336857 0.0554719 1.0968862 0.0449948 1.2291787 0.0509661 1.1474628 1.1474628 0.0592300 0.0575609 0.0441929 0.0214219 0.0206625 0.0253535 0.0519302 0.0207041 0.0000000 0.0349328 0.0399481 0.0433226 0.0391812 0.0415862 1.2271038 0.0492954 1.2173523 0.0524610 0.0484763 1.2069197 0.0489084 0.0468678 1.2247064 0.0489084 0.0538464 0.0485362 0.0493921 1.1992541 1.1665056 1.2447032 1.2443094 0.0573797 1.2327489 0.0670494 1.2338647 1.2245254 0.0665319 0.0677177 1.2025905 1.2082899 1.2278507 1.2235446 1.1814958 0.0763631 0.0778300 1.2336228 1.1764573 0.0722972 1.2525708 1.2268007 1.2452817 0.0850885 0.0787538 0.0790479 1.1907485 0.0685825 0.0827767 1.2602263 0.0845473 0.0805964 1.2486590 0.0781450 0.0818482 0.0918610 0.0736278 0.0865702 0.0858014 1.2049547 0.0897700 0.0914185 0.0940842 1.2058041 1.2907025 1.2907025 1.3236245 1.3322607 1.3228904 1.3240386 1.3262046 1.3220741 1.3407960 
1993|Avian|A/pintail/Alberta/129/1993|Canada|H10N7                     1.2261807 1.2252011 1.2472728 1.2764148 0.0699920 1.1471998 0.0661876 1.2896050 0.0689099 1.1797626 1.1797626 0.0798008 0.0780569 0.0598967 0.0423242 0.0381899 0.0432510 0.0699745 0.0301388 0.0349328 0.0000000 0.0587522 0.0277477 0.0238326 0.0571098 1.2624515 0.0334398 1.2526377 0.0361875 0.0326412 1.2411194 0.0335296 0.0302674 1.2524388 0.0335296 0.0375791 0.0358728 0.0350505 1.2265690 1.1927796 1.2771094 1.2766999 0.0442684 1.2649943 0.0505111 1.2745634 1.2573146 0.0494813 0.0505231 1.2353175 1.2354820 1.2576169 1.2556670 1.2034086 0.0622301 0.0617061 1.2674072 1.2096128 0.0584144 1.2803623 1.2501692 1.2723046 0.0686464 0.0644430 0.0629846 1.2180976 0.0548997 0.0682145 1.2840482 0.0706153 0.0643545 1.2669222 0.0630684 0.0685562 0.0740137 0.0595996 0.0699829 0.0702021 1.2386293 0.0729680 0.0733321 0.0760781 1.2296546 1.3228103 1.3228103 1.3523292 1.3652479 1.3557803 1.3569311 1.3591162 1.3549593 1.3739625 
1995|Avian|A/quail/NJ/25254-22/1995|USA|H10N7                          1.1195166 1.1360226 1.1349575 1.1601053 0.0675129 1.0602856 0.0506222 1.1505556 0.0533094 1.0719928 1.0719928 0.0629437 0.0601198 0.0525000 0.0313742 0.0272428 0.0322693 0.0617723 0.0479003 0.0399481 0.0587522 0.0000000 0.0635325 0.0578389 0.0247653 1.0997628 0.0691253 1.0941484 0.0708840 0.0682860 1.1223975 0.0676937 0.0664634 1.1073669 0.0676937 0.0703360 0.0682988 0.0692520 1.0886565 1.0658301 1.1373666 1.1370143 0.0753678 1.1073436 0.0872878 1.1397845 1.1055489 0.0843931 0.0859025 1.0940323 1.1033186 1.1183249 1.1191462 1.0791851 0.0933220 0.0972913 1.1345730 1.0914841 0.0887732 1.1429735 1.0978516 1.1351070 0.1018115 0.0981834 0.0898219 1.0959874 0.0884090 0.1014333 1.1288543 0.0958432 0.0915605 1.1106471 0.0963952 0.1006451 0.1094874 0.0914712 0.0980169 0.1050428 1.1155210 0.0993248 0.1088598 0.1074962 1.1061640 1.1888299 1.1888299 1.2409131 1.2502062 1.2432734 1.2444642 1.2466849 1.2424271 1.2613133 
1996|Avian|A/emu/California/2092/1996|USA|H10N7                        1.1935458 1.2329146 1.2219577 1.2505626 0.0844705 1.1186882 0.0728204 1.2643146 0.0756060 1.1560882 1.1560882 0.0887861 0.0860752 0.0738402 0.0517888 0.0475048 0.0545227 0.0767099 0.0375205 0.0433226 0.0277477 0.0635325 0.0000000 0.0131541 0.0653145 1.2372909 0.0226381 1.2274848 0.0217561 0.0218544 1.2250260 0.0177670 0.0184977 1.2273594 0.0177670 0.0247341 0.0247003 0.0239124 1.2121059 1.1725013 1.2615711 1.2611683 0.0311086 1.2505066 0.0369885 1.2433107 1.2322821 0.0360521 0.0386634 1.2260768 1.2194541 1.2311452 1.2358813 1.1934963 0.0446547 0.0475346 1.2527753 1.1840612 0.0445182 1.2694429 1.2268491 1.2524341 0.0524300 0.0483910 0.0471203 1.1975428 0.0443074 0.0536962 1.2605172 0.0542661 0.0518389 1.2435286 0.0524057 0.0523349 0.0628491 0.0455837 0.0572142 0.0591854 1.2203048 0.0582264 0.0634362 0.0648170 1.2052146 1.2912087 1.2912087 1.3258487 1.3486890 1.3392293 1.3403839 1.3425688 1.3384072 1.3573516 
1996|Avian|A/mallard/ALB/196/1996|Canada|H10N7                         1.1797122 1.2152441 1.2081503 1.2363313 0.0797340 1.1123600 0.0701088 1.2455457 0.0719851 1.1446378 1.1446378 0.0819848 0.0793092 0.0692528 0.0475348 0.0433089 0.0502201 0.0730709 0.0334586 0.0391812 0.0238326 0.0578389 0.0131541 0.0000000 0.0608586 1.2242073 0.0113870 1.2144357 0.0139341 0.0106257 1.2067986 0.0116125 0.0093750 1.2135793 0.0116125 0.0153349 0.0153151 0.0145626 1.1932539 1.1599008 1.2369342 1.2365433 0.0214295 1.2320305 0.0270021 1.2302197 1.2171550 0.0277158 0.0285994 1.2070996 1.1761103 1.2189524 1.2175160 1.1746826 0.0375798 0.0386514 1.2336693 1.1653056 0.0358277 1.2190825 1.2077871 1.2339368 0.0433936 0.0394758 0.0383177 1.1786694 0.0332863 0.0445517 1.2411777 0.0451428 0.0427898 1.2243585 0.0416931 0.0427486 0.0506403 0.0368121 0.0479384 0.0471682 1.2042009 0.0488915 0.0521533 0.0524868 1.1897264 1.2918566 1.2918566 1.3208038 1.3379516 1.3340794 1.3352279 1.3373991 1.3332620 1.3520698 
1996|Avian|A/shorebird/Delaware_Bay/31/1996|USA|H9N7                   1.1775614 1.1894870 1.1957865 1.2236600 0.0645516 1.0674898 0.0502013 1.2149013 0.0527689 1.1327831 1.1327831 0.0629001 0.0612163 0.0528742 0.0325060 0.0269274 0.0317508 0.0608809 0.0467334 0.0415862 0.0571098 0.0247653 0.0653145 0.0608586 0.0000000 1.2035189 0.0719878 1.1937166 0.0735773 0.0711482 1.2075173 0.0715967 0.0692621 1.1972722 0.0715967 0.0711506 0.0748048 0.0738506 1.1690652 1.1333949 1.2126376 1.2122566 0.0806997 1.2068020 0.0914140 1.2093573 1.1881401 0.0847170 0.0880224 1.1767947 1.1681298 1.1925548 1.1866066 1.1548733 0.0932947 0.1011664 1.2016707 1.1668500 0.0849450 1.2120995 1.1890652 1.2082742 0.1004637 0.0979697 0.0879624 1.1746325 0.0909517 0.1044432 1.2125981 0.0957451 0.0896143 1.2021636 0.0941790 0.1012952 0.1045157 0.0924153 0.0957853 0.1024128 1.1941156 0.0928875 0.1093379 0.1047462 1.1844567 1.2544280 1.2544280 1.2959929 1.3056047 1.2962377 1.2973924 1.2995604 1.2954181 1.3140617 
1997|Avian|A/duck/Shimane/45/1997|Japan|H10N7                          0.2723569 0.1732921 0.2047477 0.2017220 1.2490929 0.1070996 1.2604959 0.0958525 1.2287923 0.2339247 0.2339247 1.2536474 1.2601060 1.2698524 1.2363471 1.2175557 1.2471624 1.2582489 1.2343418 1.2271038 1.2624515 1.0997628 1.2372909 1.2242073 1.2035189 0.0000000 1.1885775 0.0148186 1.2203698 1.2028679 0.0576896 1.2013051 1.2012644 0.0383077 1.2013051 1.2214966 1.2211630 1.2236766 0.0432082 0.0451249 0.0414809 0.0414870 1.2481313 0.0480616 1.2469174 0.0439628 0.0465610 1.1942678 1.2284780 0.0516579 0.0639341 0.0435029 0.0577152 0.0509478 1.1552325 1.2305867 0.0586455 0.0527293 1.1828219 0.0611407 0.0607292 0.0622887 1.1828753 1.1555472 1.1618822 0.0633868 1.2416130 1.2559945 0.0663525 1.1247001 1.1399680 0.0624996 1.1679685 1.3645718 1.1649132 1.2320166 1.1469855 1.1636032 0.0660198 1.1351092 1.1848491 1.1609885 0.0773158 0.8114913 0.8114913 0.8196085 0.8201085 0.8110634 0.8119838 0.8141580 0.8089675 0.8252119 
1999|Avian|A/chicken/California/755/1999|USA|H10N7                     1.1669496 1.2118660 1.2093886 1.2367337 0.0926849 1.1247420 0.0821254 1.2340385 0.0830947 1.1330277 1.1330277 0.0919814 0.0888311 0.0801922 0.0583811 0.0537762 0.0613419 0.0863558 0.0439581 0.0492954 0.0334398 0.0691253 0.0226381 0.0113870 0.0719878 1.1885775 0.0000000 1.1792166 0.0243804 0.0037342 1.1906333 0.0209227 0.0177142 1.1923431 0.0209227 0.0241979 0.0241636 0.0233442 1.1724253 1.1540451 1.2190634 1.2186632 0.0308323 1.1931139 0.0360881 1.2196997 1.1906462 0.0377044 0.0361096 1.1796457 1.1538006 1.1873854 1.1955978 1.1530562 0.0469216 0.0470452 1.2066226 1.1579485 0.0465962 1.1935735 1.1587673 1.2126212 0.0523383 0.0472097 0.0458897 1.1639136 0.0420018 0.0542471 1.1938799 0.0551955 0.0507906 1.1741828 0.0477673 0.0503183 0.0575262 0.0459147 0.0563869 0.0546975 1.1858547 0.0574396 0.0629380 0.0585766 1.1701574 1.2378927 1.2378927 1.2624985 1.2796929 1.2753522 1.2765530 1.2788007 1.2745000 1.2937504 
1999|Avian|A/duck/Taiwan/4201/99|Taiwan|H7N7                           0.2888313 0.1853193 0.2272607 0.2242238 1.2392850 0.1129131 1.2484755 0.1027808 1.2168275 0.2543240 0.2543240 1.2481631 1.2546094 1.2578155 1.2265695 1.2077536 1.2373611 1.2462802 1.2328319 1.2173523 1.2526377 1.0941484 1.2274848 1.2144357 1.1937166 0.0148186 1.1792166 0.0000000 1.2052966 1.1934914 0.0668325 1.1915648 1.1914890 0.0473675 1.1915648 1.2116937 1.2113825 1.2138972 0.0520293 0.0543560 0.0513420 0.0513500 1.2383437 0.0572189 1.2371313 0.0542818 0.0566521 1.1892319 1.2187445 0.0601291 0.0710410 0.0551280 0.0656726 0.0612560 1.1501758 1.2259372 0.0692491 0.0597229 1.1777580 0.0719985 0.0695857 0.0704211 1.1761293 1.1410318 1.1611828 0.0723286 1.2318031 1.2522938 0.0754523 1.1401331 1.1392724 0.0714171 1.1629190 1.3547264 1.1598919 1.2229753 1.1462915 1.1585825 0.0741458 1.1344164 1.1789201 1.1559637 0.0829743 0.8114289 0.8114289 0.8278604 0.8317341 0.8226125 0.8235546 0.8257396 0.8205254 0.8369775 
1999|Avian|A/mallard/Minnesota/17/1999|USA|H7N7                        1.2078473 1.2412250 1.2292053 1.2580174 0.0935346 1.1139132 0.0853394 1.2480259 0.0873301 1.1617193 1.1617193 0.0968756 0.0940892 0.0824763 0.0612941 0.0568191 0.0641783 0.0865177 0.0464060 0.0524610 0.0361875 0.0708840 0.0217561 0.0139341 0.0735773 1.2203698 0.0243804 1.2052966 0.0000000 0.0225848 1.2052840 0.0154983 0.0131985 1.2054056 0.0154983 0.0193060 0.0192804 0.0185091 1.1851442 1.1506873 1.2340572 1.2336673 0.0239697 1.2252129 0.0312795 1.2265830 1.2090072 0.0295289 0.0320510 1.2042321 1.1664644 1.2092993 1.2136859 1.1618420 0.0378696 0.0415441 1.2247804 1.1624171 0.0361034 1.2101786 1.2045522 1.2257426 0.0420328 0.0397822 0.0386129 1.1614299 0.0360524 0.0475594 1.2386987 0.0437827 0.0431223 1.2264279 0.0437109 0.0458895 0.0526048 0.0396593 0.0483115 0.0490933 1.1883588 0.0464187 0.0508010 0.0544756 1.1732446 1.2878168 1.2878168 1.3266418 1.3493539 1.3399480 1.3410957 1.3432682 1.3391307 1.3579698 
1999|Avian|A/quail/California/1022/1999|USA|H10N7                      1.1755192 1.2252929 1.2181779 1.2457795 0.0918347 1.1381229 0.0812792 1.2477009 0.0822487 1.1514454 1.1514454 0.0911269 0.0879771 0.0793457 0.0575545 0.0529536 0.0605107 0.0855071 0.0431444 0.0484763 0.0326412 0.0682860 0.0218544 0.0106257 0.0711482 1.2028679 0.0037342 1.1934914 0.0225848 0.0000000 1.2049236 0.0201448 0.0169411 1.2011572 0.0201448 0.0234143 0.0233811 0.0225630 1.1865581 1.1640399 1.2335075 1.2331009 0.0300392 1.2074264 0.0352840 1.2341477 1.2049317 0.0369007 0.0353052 1.1938563 1.1578608 1.2015819 1.2099251 1.1630992 0.0461004 0.0462214 1.2208962 1.1721010 0.0457797 1.2032882 1.1729228 1.2270345 0.0515113 0.0463839 0.0450715 1.1739976 0.0411939 0.0534164 1.2082033 0.0543638 0.0499624 1.1883903 0.0469450 0.0474896 0.0566873 0.0432998 0.0555520 0.0538615 1.1960459 0.0557032 0.0620974 0.0577354 1.1803299 1.2483212 1.2483212 1.2685339 1.2858024 1.2814507 1.2826541 1.2849086 1.2805967 1.2999305 
1999|Avian|A/shorebird/Delaware_Bay/267/1999|USA|mixedN7               0.2995550 0.1880106 0.2089334 0.2058922 1.2508416 0.1302655 1.2614186 0.1107580 1.2349862 0.2289424 0.2289424 1.2561387 1.2625588 1.2564379 1.2242531 1.2047960 1.2349627 1.2522408 1.2193757 1.2069197 1.2411194 1.1223975 1.2250260 1.2067986 1.2075173 0.0576896 1.1906333 0.0668325 1.2052840 1.2049236 0.0000000 1.1788885 1.1840200 0.0629762 1.1788885 1.2040521 1.1984900 1.2009860 0.0689661 0.0707082 0.0702434 0.0702552 1.2261912 0.0730050 1.2300834 0.0776396 0.0739526 1.1863074 1.2049222 0.0795470 0.0985026 0.0773700 0.0887356 0.0828970 1.1483940 1.2193730 0.0813214 0.0838530 1.1468593 0.0940648 0.0852041 0.0897228 1.1766539 1.1382064 1.1498290 0.0927227 1.2134127 1.2465959 0.0914683 1.1180614 1.1332538 0.0891683 1.1661682 1.3453922 1.1588458 1.2250799 1.1462703 1.1575454 0.0939003 1.1284474 1.1778740 1.1601217 0.1090231 0.8092431 0.8092431 0.8228215 0.8353237 0.8265359 0.8274472 0.8295490 0.8245358 0.8404075 
2000|Avian|A/blue-winged_teal/Texas/108/2000|USA|H10N7                 1.1512644 1.1898804 1.1908594 1.2185486 0.0880105 1.0980580 0.0799970 1.2188312 0.0819473 1.1462578 1.1462578 0.0924336 0.0896783 0.0791170 0.0582771 0.0538649 0.0604573 0.0830971 0.0435951 0.0489084 0.0335296 0.0676937 0.0177670 0.0116125 0.0715967 1.2013051 0.0209227 1.1915648 0.0154983 0.0201448 1.1788885 0.0000000 0.0079322 1.1907711 0.0000010 0.0138742 0.0138564 0.0131061 1.1664323 1.1420190 1.2148754 1.2144955 0.0199523 1.2047336 0.0238565 1.2303503 1.1943978 0.0246456 0.0270964 1.1853602 1.1494992 1.2138021 1.1946764 1.1478738 0.0344076 0.0354536 1.2065738 1.1402326 0.0326806 1.1937296 1.1754341 1.2013349 0.0401731 0.0362721 0.0351467 1.1474157 0.0333945 0.0413005 1.2041170 0.0400855 0.0395601 1.1971441 0.0418354 0.0384593 0.0517367 0.0336433 0.0446634 0.0482359 1.1771070 0.0456024 0.0505877 0.0536003 1.1664292 1.2646421 1.2646421 1.2985381 1.3155152 1.3061810 1.3073291 1.3094884 1.3053657 1.3239721 
2000|Avian|A/mallard/Alberta/127/2000|Canada|mixedN7                   1.1678294 1.1978907 1.1993588 1.2272785 0.0867958 1.0919591 0.0788374 1.2232463 0.0807751 1.1313165 1.1313165 0.0911819 0.0884418 0.0760460 0.0554759 0.0511173 0.0582680 0.0819151 0.0409695 0.0468678 0.0302674 0.0664634 0.0184977 0.0093750 0.0692621 1.2012644 0.0177142 1.1914890 0.0131985 0.0169411 1.1840200 0.0079322 0.0000000 1.1906926 0.0079322 0.0086534 0.0086427 0.0079099 1.1654760 1.1469509 1.2141108 1.2137297 0.0145925 1.2039295 0.0199909 1.2082463 1.1935575 0.0222562 0.0215447 1.1844822 1.1484730 1.1911158 1.1938339 1.1468309 0.0318931 0.0312788 1.2057831 1.1399626 0.0285897 1.1876267 1.1841473 1.2058172 0.0375896 0.0337224 0.0326285 1.1463670 0.0277150 0.0370144 1.2129878 0.0392961 0.0369743 1.2059479 0.0375760 0.0357214 0.0472586 0.0295177 0.0420128 0.0438240 1.1761897 0.0429364 0.0461482 0.0490799 1.1649079 1.2775364 1.2775364 1.3116835 1.3287512 1.3193897 1.3205378 1.3227012 1.3185737 1.3372712 
2000|Avian|A/mallard/Netherlands/02/2000|Netherlands|H10N7             0.2697713 0.1705090 0.2064243 0.2034058 1.2597206 0.1140710 1.2673030 0.0935531 1.2348302 0.2346129 0.2346129 1.2579564 1.2644143 1.2705256 1.2370630 1.2175284 1.2372067 1.2662036 1.2358206 1.2247064 1.2524388 1.1073669 1.2273594 1.2135793 1.1972722 0.0383077 1.1923431 0.0473675 1.2054056 1.2011572 0.0629762 1.1907711 1.1906926 0.0000000 1.1907711 1.2122490 1.2052388 1.2077457 0.0433985 0.0469755 0.0377367 0.0377421 1.2374233 0.0492992 1.2362141 0.0581928 0.0426758 1.1880987 1.2222027 0.0528893 0.0633482 0.0510950 0.0581517 0.0522076 1.1447961 1.2288169 0.0527825 0.0691189 1.1432516 0.0624025 0.0586869 0.0608634 1.1731628 1.1494349 1.1506679 0.0627822 1.2255727 1.2490430 0.0642512 1.1190352 1.1340026 0.0622736 1.1626486 1.3518320 1.1553145 1.2249106 1.1462200 1.1540098 0.0672314 1.1291658 1.1691840 1.1565953 0.0765590 0.8044122 0.8044122 0.8361514 0.8321944 0.8232679 0.8241903 0.8263278 0.8212278 0.8373322 
2000|Avian|A/northern_shoveler/TX/56/2000|USA|H10N7                    1.1512644 1.1898804 1.1908594 1.2185486 0.0880105 1.0980580 0.0799970 1.2188312 0.0819473 1.1462578 1.1462578 0.0924336 0.0896783 0.0791170 0.0582771 0.0538649 0.0604573 0.0830971 0.0435951 0.0489084 0.0335296 0.0676937 0.0177670 0.0116125 0.0715967 1.2013051 0.0209227 1.1915648 0.0154983 0.0201448 1.1788885 0.0000010 0.0079322 1.1907711 0.0000000 0.0138742 0.0138564 0.0131061 1.1664323 1.1420190 1.2148754 1.2144955 0.0199523 1.2047336 0.0238565 1.2303503 1.1943978 0.0246456 0.0270964 1.1853602 1.1494992 1.2138021 1.1946764 1.1478738 0.0344076 0.0354536 1.2065738 1.1402326 0.0326806 1.1937296 1.1754341 1.2013349 0.0401731 0.0362721 0.0351467 1.1474157 0.0333945 0.0413005 1.2041170 0.0400855 0.0395601 1.1971441 0.0418354 0.0384593 0.0517367 0.0336433 0.0446634 0.0482359 1.1771070 0.0456024 0.0505877 0.0536003 1.1664292 1.2646421 1.2646421 1.2985381 1.3155152 1.3061810 1.3073291 1.3094884 1.3053657 1.3239721 
2000|Avian|A/pintail/Alberta/202/2000|Canada|H10N7                     1.1953344 1.2252769 1.2311463 1.2598764 0.0908606 1.1126547 0.0827819 1.2492612 0.0827870 1.1572518 1.1572518 0.0973908 0.0946117 0.0818981 0.0626731 0.0564103 0.0637302 0.0859104 0.0477943 0.0538464 0.0375791 0.0703360 0.0247341 0.0153349 0.0711506 1.2214966 0.0241979 1.2116937 0.0193060 0.0234143 1.2040521 0.0138742 0.0086534 1.2122490 0.0138742 0.0000000 0.0145855 0.0138341 1.1904794 1.1665913 1.2308689 1.2304788 0.0206904 1.2293405 0.0262521 1.2284980 1.2197315 0.0285580 0.0262558 1.2052977 1.1732957 1.2119204 1.2147888 1.1718423 0.0384769 0.0378802 1.2310048 1.1597577 0.0367133 1.2128062 1.2093903 1.2268895 0.0426296 0.0403876 0.0392161 1.1767478 0.0309220 0.0437727 1.2385062 0.0409894 0.0409633 1.2313189 0.0426121 0.0383649 0.0543009 0.0344040 0.0460648 0.0507729 1.2067415 0.0470064 0.0513785 0.0561829 1.1960239 1.3008311 1.3008311 1.3418418 1.3591603 1.3497104 1.3508608 1.3530424 1.3488903 1.3678425 
2001|Avian|A/mallard/Maryland/161/2001|USA|H10N7                       1.1818788 1.2129786 1.2129604 1.2412328 0.0906626 1.1096682 0.0845624 1.2380831 0.0845672 1.1445280 1.1445280 0.0951197 0.0923609 0.0797898 0.0607534 0.0563195 0.0636092 0.0857275 0.0459999 0.0485362 0.0358728 0.0682988 0.0247003 0.0153151 0.0748048 1.2211630 0.0241636 1.2113825 0.0192804 0.0233811 1.1984900 0.0138564 0.0086427 1.2052388 0.0138564 0.0145855 0.0000000 0.0007070 1.1806443 1.1663907 1.2295423 1.2291540 0.0191261 1.2193245 0.0262160 1.2228435 1.2088413 0.0269347 0.0278084 1.1997329 1.1635400 1.2063485 1.2091729 1.1620147 0.0351248 0.0361603 1.2157913 1.1595727 0.0350228 1.2028898 1.1994510 1.2212246 0.0425653 0.0369917 0.0375052 1.1616030 0.0341008 0.0420094 1.2284429 0.0426171 0.0402704 1.2213170 0.0408702 0.0391931 0.0524483 0.0343550 0.0453692 0.0472188 1.1915005 0.0463086 0.0512974 0.0543114 1.1807828 1.3040234 1.3040234 1.3331496 1.3503621 1.3409552 1.3421028 1.3442754 1.3401379 1.3589816 
2001|Avian|A/ruddy_turnstone/Delaware/1057/2001|USA|H10N7              1.1843263 1.2154771 1.2154348 1.2437609 0.0896509 1.1096682 0.0835732 1.2406314 0.0835782 1.1469696 1.1469696 0.0961308 0.0933665 0.0788158 0.0598495 0.0554300 0.0626934 0.0847326 0.0451429 0.0493921 0.0350505 0.0692520 0.0239124 0.0145626 0.0738506 1.2236766 0.0233442 1.2138972 0.0185091 0.0225630 1.2009860 0.0131061 0.0079099 1.2077457 0.0131061 0.0138341 0.0007070 0.0000000 1.1831300 1.1688584 1.2320621 1.2316728 0.0183608 1.2218402 0.0254249 1.2253546 1.2113408 0.0261435 0.0270121 1.2022277 1.1660126 1.2088403 1.2116813 1.1645063 0.0343033 0.0353315 1.2182862 1.1620627 0.0342040 1.2053870 1.2019554 1.2237420 0.0417197 0.0378172 0.0366778 1.1641031 0.0332877 0.0428507 1.2309668 0.0434564 0.0394291 1.2238283 0.0417027 0.0383071 0.0515637 0.0335350 0.0445106 0.0480774 1.1940074 0.0454455 0.0504201 0.0534191 1.1832929 1.3059208 1.3059208 1.3350582 1.3522716 1.3428682 1.3440150 1.3461858 1.3420514 1.3608941 
2002|Avian|A/duck/Mongolia/583/02|Mongolia|H4N7                        0.2922021 0.1830563 0.2210523 0.2180261 1.2105894 0.1270231 1.2314009 0.1136401 1.2000226 0.2449125 0.2449125 1.2223295 1.2286539 1.2408074 1.2069265 1.1904495 1.2132148 1.2314512 1.2102708 1.1992541 1.2265690 1.0886565 1.2121059 1.1932539 1.1690652 0.0432082 1.1724253 0.0520293 1.1851442 1.1865581 0.0689661 1.1664323 1.1654760 0.0433985 1.1664323 1.1904794 1.1806443 1.1831300 0.0000000 0.0503906 0.0262956 0.0262992 1.2081842 0.0292834 1.2069901 0.0625235 0.0278266 1.1646506 1.1923702 0.0325615 0.0523495 0.0476021 0.0395998 0.0302409 1.1269215 1.1862739 0.0324943 0.0710587 1.1428475 0.0497056 0.0368629 0.0404349 1.1454596 1.1218767 1.1283991 0.0399720 1.1954402 1.2091289 0.0402503 1.0912319 1.1119992 0.0418448 1.1342750 1.3164414 1.1228317 1.1912172 1.1190250 1.1215476 0.0483863 1.1029820 1.1417145 1.1241013 0.0587427 0.7779533 0.7779533 0.8177212 0.8138626 0.8048676 0.8057752 0.8079412 0.8039483 0.8188851 
2002|Avian|A/mallard/Sweden/110/2002|Sweden|H11N7                      0.2980976 0.1974034 0.2094801 0.2095992 1.1885005 0.1247536 1.2003186 0.1150928 1.1644050 0.2439931 0.2439931 1.2000137 1.2062506 1.2222913 1.1804989 1.1620380 1.1866429 1.2131353 1.1736141 1.1665056 1.1927796 1.0658301 1.1725013 1.1599008 1.1333949 0.0451249 1.1540451 0.0543560 1.1506873 1.1640399 0.0707082 1.1420190 1.1469509 0.0469755 1.1420190 1.1665913 1.1663907 1.1688584 0.0503906 0.0000000 0.0481261 0.0481334 1.1949250 0.0638310 1.1885192 0.0589842 0.0623030 1.1447157 1.1750666 0.0714193 0.0809324 0.0601501 0.0743012 0.0651329 1.1029076 1.1757349 0.0693768 0.0693193 1.1237428 0.0760049 0.0682608 0.0771814 1.1307114 1.1029493 1.1044364 0.0762653 1.1831791 1.1994774 0.0740582 1.0727870 1.0882762 0.0719731 1.1145660 1.3045842 1.1119035 1.1811523 1.0953192 1.1106342 0.0758398 1.0786282 1.1321497 1.1131614 0.0855983 0.8133822 0.8133822 0.8246306 0.8250888 0.8208005 0.8217275 0.8238841 0.8198878 0.8349585 
