IQ-TREE multicore version 2.2.0 COVID-edition for Mac OS X 64-bit built Jun  1 2022
Developed by Bui Quang Minh, James Barbetti, Nguyen Lam Tung,
Olga Chernomor, Heiko Schmidt, Dominik Schrempf, Michael Woodhams, Ly Trong Nhan.

Host:    56-1F-A2-3D-28-CE (SSE4.2, 16 GB RAM)
Command: iqtree2 --alisim sym_tree_nequal-alignment -m 9.20b{0.2,-0.3,0.4,-0.5,0.6,-0.7,0.8,-0.9} -t sym_tree_nequal.nwk --length 100000 --num-alignments 500 -seed 123 --seqtype DNA
Seed:    123 (Using SPRNG - Scalable Parallel Random Number Generator)
Time:    Tue Feb 28 19:10:23 2023
Kernel:  SSE2 - 1 threads (8 CPU cores detected)

[Alignment Simulator] Executing
 - Tree filepath: sym_tree_nequal.nwk
 - Length of output sequences: 100000
 - Model: 9.20b{0.2,-0.3,0.4,-0.5,0.6,-0.7,0.8,-0.9}
 - Number of output datasets: 500
An alignment has just been exported to sym_tree_nequal-alignment_1.phy
SUBSTITUTION PROCESS
--------------------

Model of substitution: 9.20b

Rate parameter R:

  A-C: 0.100
  A-G: 1.038
  A-T: 1.150
  C-A: 0.400
  C-G: 0.775
  C-T: 1.413
  G-A: 0.887
  G-C: 1.225
  G-T: 1.225
  T-A: 1.000
  T-C: 1.262
  T-G: 1.525

State frequencies: (equal frequencies)

Rate matrix Q:

  A    -0.762    0.0333     0.346     0.383
  C     0.133    -0.862     0.258     0.471
  G     0.296     0.408     -1.11     0.408
  T     0.333     0.421     0.508     -1.26

Model of rate heterogeneity: Uniform

An alignment has just been exported to sym_tree_nequal-alignment_2.phy
SUBSTITUTION PROCESS
--------------------

Model of substitution: 9.20b

Rate parameter R:

  A-C: 0.1
  A-G: 1.04
  A-T: 1.15
  C-A: 0.4
  C-G: 0.775
  C-T: 1.41
  G-A: 0.887
  G-C: 1.23
  G-T: 1.22
  T-A: 1
  T-C: 1.26
  T-G: 1.52

State frequencies: (equal frequencies)

Rate matrix Q:

  A    -0.762    0.0333     0.346     0.383
  C     0.133    -0.862     0.258     0.471
  G     0.296     0.408     -1.11     0.408
  T     0.333     0.421     0.508     -1.26

Model of rate heterogeneity: Uniform

An alignment has just been exported to sym_tree_nequal-alignment_3.phy
SUBSTITUTION PROCESS
--------------------

Model of substitution: 9.20b

Rate parameter R:

  A-C: 0.1
  A-G: 1.04
  A-T: 1.15
  C-A: 0.4
  C-G: 0.775
  C-T: 1.41
  G-A: 0.887
  G-C: 1.23
  G-T: 1.22
  T-A: 1
  T-C: 1.26
  T-G: 1.52

State frequencies: (equal frequencies)

Rate matrix Q:

  A    -0.762    0.0333     0.346     0.383
  C     0.133    -0.862     0.258     0.471
  G     0.296     0.408     -1.11     0.408
  T     0.333     0.421     0.508     -1.26

Model of rate heterogeneity: Uniform

An alignment has just been exported to sym_tree_nequal-alignment_4.phy
SUBSTITUTION PROCESS
--------------------

Model of substitution: 9.20b

Rate parameter R:

  A-C: 0.1
  A-G: 1.04
  A-T: 1.15
  C-A: 0.4
  C-G: 0.775
  C-T: 1.41
  G-A: 0.887
  G-C: 1.23
  G-T: 1.22
  T-A: 1
  T-C: 1.26
  T-G: 1.52

State frequencies: (equal frequencies)

Rate matrix Q:

  A    -0.762    0.0333     0.346     0.383
  C     0.133    -0.862     0.258     0.471
  G     0.296     0.408     -1.11     0.408
  T     0.333     0.421     0.508     -1.26

Model of rate heterogeneity: Uniform

An alignment has just been exported to sym_tree_nequal-alignment_5.phy
SUBSTITUTION PROCESS
--------------------

Model of substitution: 9.20b

Rate parameter R:

  A-C: 0.1
  A-G: 1.04
  A-T: 1.15
  C-A: 0.4
  C-G: 0.775
  C-T: 1.41
  G-A: 0.887
  G-C: 1.23
  G-T: 1.22
  T-A: 1
  T-C: 1.26
  T-G: 1.52

State frequencies: (equal frequencies)

Rate matrix Q:

  A    -0.762    0.0333     0.346     0.383
  C     0.133    -0.862     0.258     0.471
  G     0.296     0.408     -1.11     0.408
  T     0.333     0.421     0.508     -1.26

Model of rate heterogeneity: Uniform

An alignment has just been exported to sym_tree_nequal-alignment_6.phy
SUBSTITUTION PROCESS
--------------------

Model of substitution: 9.20b

Rate parameter R:

  A-C: 0.1
  A-G: 1.04
  A-T: 1.15
  C-A: 0.4
  C-G: 0.775
  C-T: 1.41
  G-A: 0.887
  G-C: 1.23
  G-T: 1.22
  T-A: 1
  T-C: 1.26
  T-G: 1.52

State frequencies: (equal frequencies)

Rate matrix Q:

  A    -0.762    0.0333     0.346     0.383
  C     0.133    -0.862     0.258     0.471
  G     0.296     0.408     -1.11     0.408
  T     0.333     0.421     0.508     -1.26

Model of rate heterogeneity: Uniform

An alignment has just been exported to sym_tree_nequal-alignment_7.phy
SUBSTITUTION PROCESS
--------------------

Model of substitution: 9.20b

Rate parameter R:

  A-C: 0.1
  A-G: 1.04
  A-T: 1.15
  C-A: 0.4
  C-G: 0.775
  C-T: 1.41
  G-A: 0.887
  G-C: 1.23
  G-T: 1.22
  T-A: 1
  T-C: 1.26
  T-G: 1.52

State frequencies: (equal frequencies)

Rate matrix Q:

  A    -0.762    0.0333     0.346     0.383
  C     0.133    -0.862     0.258     0.471
  G     0.296     0.408     -1.11     0.408
  T     0.333     0.421     0.508     -1.26

Model of rate heterogeneity: Uniform

An alignment has just been exported to sym_tree_nequal-alignment_8.phy
SUBSTITUTION PROCESS
--------------------

Model of substitution: 9.20b

Rate parameter R:

  A-C: 0.1
  A-G: 1.04
  A-T: 1.15
  C-A: 0.4
  C-G: 0.775
  C-T: 1.41
  G-A: 0.887
  G-C: 1.23
  G-T: 1.22
  T-A: 1
  T-C: 1.26
  T-G: 1.52

State frequencies: (equal frequencies)

Rate matrix Q:

  A    -0.762    0.0333     0.346     0.383
  C     0.133    -0.862     0.258     0.471
  G     0.296     0.408     -1.11     0.408
  T     0.333     0.421     0.508     -1.26

Model of rate heterogeneity: Uniform

An alignment has just been exported to sym_tree_nequal-alignment_9.phy
SUBSTITUTION PROCESS
--------------------

Model of substitution: 9.20b

Rate parameter R:

  A-C: 0.1
  A-G: 1.04
  A-T: 1.15
  C-A: 0.4
  C-G: 0.775
  C-T: 1.41
  G-A: 0.887
  G-C: 1.23
  G-T: 1.22
  T-A: 1
  T-C: 1.26
  T-G: 1.52

State frequencies: (equal frequencies)

Rate matrix Q:

  A    -0.762    0.0333     0.346     0.383
  C     0.133    -0.862     0.258     0.471
  G     0.296     0.408     -1.11     0.408
  T     0.333     0.421     0.508     -1.26

Model of rate heterogeneity: Uniform

An alignment has just been exported to sym_tree_nequal-alignment_10.phy
SUBSTITUTION PROCESS
--------------------

Model of substitution: 9.20b

Rate parameter R:

  A-C: 0.1
  A-G: 1.04
  A-T: 1.15
  C-A: 0.4
  C-G: 0.775
  C-T: 1.41
  G-A: 0.887
  G-C: 1.23
  G-T: 1.22
  T-A: 1
  T-C: 1.26
  T-G: 1.52

State frequencies: (equal frequencies)

Rate matrix Q:

  A    -0.762    0.0333     0.346     0.383
  C     0.133    -0.862     0.258     0.471
  G     0.296     0.408     -1.11     0.408
  T     0.333     0.421     0.508     -1.26

Model of rate heterogeneity: Uniform

An alignment has just been exported to sym_tree_nequal-alignment_11.phy
SUBSTITUTION PROCESS
--------------------

Model of substitution: 9.20b

Rate parameter R:

  A-C: 0.1
  A-G: 1.04
  A-T: 1.15
  C-A: 0.4
  C-G: 0.775
  C-T: 1.41
  G-A: 0.887
  G-C: 1.23
  G-T: 1.22
  T-A: 1
  T-C: 1.26
  T-G: 1.52

State frequencies: (equal frequencies)

Rate matrix Q:

  A    -0.762    0.0333     0.346     0.383
  C     0.133    -0.862     0.258     0.471
  G     0.296     0.408     -1.11     0.408
  T     0.333     0.421     0.508     -1.26

Model of rate heterogeneity: Uniform

An alignment has just been exported to sym_tree_nequal-alignment_12.phy
SUBSTITUTION PROCESS
--------------------

Model of substitution: 9.20b

Rate parameter R:

  A-C: 0.1
  A-G: 1.04
  A-T: 1.15
  C-A: 0.4
  C-G: 0.775
  C-T: 1.41
  G-A: 0.887
  G-C: 1.23
  G-T: 1.22
  T-A: 1
  T-C: 1.26
  T-G: 1.52

State frequencies: (equal frequencies)

Rate matrix Q:

  A    -0.762    0.0333     0.346     0.383
  C     0.133    -0.862     0.258     0.471
  G     0.296     0.408     -1.11     0.408
  T     0.333     0.421     0.508     -1.26

Model of rate heterogeneity: Uniform

An alignment has just been exported to sym_tree_nequal-alignment_13.phy
SUBSTITUTION PROCESS
--------------------

Model of substitution: 9.20b

Rate parameter R:

  A-C: 0.1
  A-G: 1.04
  A-T: 1.15
  C-A: 0.4
  C-G: 0.775
  C-T: 1.41
  G-A: 0.887
  G-C: 1.23
  G-T: 1.22
  T-A: 1
  T-C: 1.26
  T-G: 1.52

State frequencies: (equal frequencies)

Rate matrix Q:

  A    -0.762    0.0333     0.346     0.383
  C     0.133    -0.862     0.258     0.471
  G     0.296     0.408     -1.11     0.408
  T     0.333     0.421     0.508     -1.26

Model of rate heterogeneity: Uniform

An alignment has just been exported to sym_tree_nequal-alignment_14.phy
SUBSTITUTION PROCESS
--------------------

Model of substitution: 9.20b

Rate parameter R:

  A-C: 0.1
  A-G: 1.04
  A-T: 1.15
  C-A: 0.4
  C-G: 0.775
  C-T: 1.41
  G-A: 0.887
  G-C: 1.23
  G-T: 1.22
  T-A: 1
  T-C: 1.26
  T-G: 1.52

State frequencies: (equal frequencies)

Rate matrix Q:

  A    -0.762    0.0333     0.346     0.383
  C     0.133    -0.862     0.258     0.471
  G     0.296     0.408     -1.11     0.408
  T     0.333     0.421     0.508     -1.26

Model of rate heterogeneity: Uniform

An alignment has just been exported to sym_tree_nequal-alignment_15.phy
SUBSTITUTION PROCESS
--------------------

Model of substitution: 9.20b

Rate parameter R:

  A-C: 0.1
  A-G: 1.04
  A-T: 1.15
  C-A: 0.4
  C-G: 0.775
  C-T: 1.41
  G-A: 0.887
  G-C: 1.23
  G-T: 1.22
  T-A: 1
  T-C: 1.26
  T-G: 1.52

State frequencies: (equal frequencies)

Rate matrix Q:

  A    -0.762    0.0333     0.346     0.383
  C     0.133    -0.862     0.258     0.471
  G     0.296     0.408     -1.11     0.408
  T     0.333     0.421     0.508     -1.26

Model of rate heterogeneity: Uniform

An alignment has just been exported to sym_tree_nequal-alignment_16.phy
SUBSTITUTION PROCESS
--------------------

Model of substitution: 9.20b

Rate parameter R:

  A-C: 0.1
  A-G: 1.04
  A-T: 1.15
  C-A: 0.4
  C-G: 0.775
  C-T: 1.41
  G-A: 0.887
  G-C: 1.23
  G-T: 1.22
  T-A: 1
  T-C: 1.26
  T-G: 1.52

State frequencies: (equal frequencies)

Rate matrix Q:

  A    -0.762    0.0333     0.346     0.383
  C     0.133    -0.862     0.258     0.471
  G     0.296     0.408     -1.11     0.408
  T     0.333     0.421     0.508     -1.26

Model of rate heterogeneity: Uniform

An alignment has just been exported to sym_tree_nequal-alignment_17.phy
SUBSTITUTION PROCESS
--------------------

Model of substitution: 9.20b

Rate parameter R:

  A-C: 0.1
  A-G: 1.04
  A-T: 1.15
  C-A: 0.4
  C-G: 0.775
  C-T: 1.41
  G-A: 0.887
  G-C: 1.23
  G-T: 1.22
  T-A: 1
  T-C: 1.26
  T-G: 1.52

State frequencies: (equal frequencies)

Rate matrix Q:

  A    -0.762    0.0333     0.346     0.383
  C     0.133    -0.862     0.258     0.471
  G     0.296     0.408     -1.11     0.408
  T     0.333     0.421     0.508     -1.26

Model of rate heterogeneity: Uniform

An alignment has just been exported to sym_tree_nequal-alignment_18.phy
SUBSTITUTION PROCESS
--------------------

Model of substitution: 9.20b

Rate parameter R:

  A-C: 0.1
  A-G: 1.04
  A-T: 1.15
  C-A: 0.4
  C-G: 0.775
  C-T: 1.41
  G-A: 0.887
  G-C: 1.23
  G-T: 1.22
  T-A: 1
  T-C: 1.26
  T-G: 1.52

State frequencies: (equal frequencies)

Rate matrix Q:

  A    -0.762    0.0333     0.346     0.383
  C     0.133    -0.862     0.258     0.471
  G     0.296     0.408     -1.11     0.408
  T     0.333     0.421     0.508     -1.26

Model of rate heterogeneity: Uniform

An alignment has just been exported to sym_tree_nequal-alignment_19.phy
SUBSTITUTION PROCESS
--------------------

Model of substitution: 9.20b

Rate parameter R:

  A-C: 0.1
  A-G: 1.04
  A-T: 1.15
  C-A: 0.4
  C-G: 0.775
  C-T: 1.41
  G-A: 0.887
  G-C: 1.23
  G-T: 1.22
  T-A: 1
  T-C: 1.26
  T-G: 1.52

State frequencies: (equal frequencies)

Rate matrix Q:

  A    -0.762    0.0333     0.346     0.383
  C     0.133    -0.862     0.258     0.471
  G     0.296     0.408     -1.11     0.408
  T     0.333     0.421     0.508     -1.26

Model of rate heterogeneity: Uniform

An alignment has just been exported to sym_tree_nequal-alignment_20.phy
SUBSTITUTION PROCESS
--------------------

Model of substitution: 9.20b

Rate parameter R:

  A-C: 0.1
  A-G: 1.04
  A-T: 1.15
  C-A: 0.4
  C-G: 0.775
  C-T: 1.41
  G-A: 0.887
  G-C: 1.23
  G-T: 1.22
  T-A: 1
  T-C: 1.26
  T-G: 1.52

State frequencies: (equal frequencies)

Rate matrix Q:

  A    -0.762    0.0333     0.346     0.383
  C     0.133    -0.862     0.258     0.471
  G     0.296     0.408     -1.11     0.408
  T     0.333     0.421     0.508     -1.26

Model of rate heterogeneity: Uniform

An alignment has just been exported to sym_tree_nequal-alignment_21.phy
SUBSTITUTION PROCESS
--------------------

Model of substitution: 9.20b

Rate parameter R:

  A-C: 0.1
  A-G: 1.04
  A-T: 1.15
  C-A: 0.4
  C-G: 0.775
  C-T: 1.41
  G-A: 0.887
  G-C: 1.23
  G-T: 1.22
  T-A: 1
  T-C: 1.26
  T-G: 1.52

State frequencies: (equal frequencies)

Rate matrix Q:

  A    -0.762    0.0333     0.346     0.383
  C     0.133    -0.862     0.258     0.471
  G     0.296     0.408     -1.11     0.408
  T     0.333     0.421     0.508     -1.26

Model of rate heterogeneity: Uniform

An alignment has just been exported to sym_tree_nequal-alignment_22.phy
SUBSTITUTION PROCESS
--------------------

Model of substitution: 9.20b

Rate parameter R:

  A-C: 0.1
  A-G: 1.04
  A-T: 1.15
  C-A: 0.4
  C-G: 0.775
  C-T: 1.41
  G-A: 0.887
  G-C: 1.23
  G-T: 1.22
  T-A: 1
  T-C: 1.26
  T-G: 1.52

State frequencies: (equal frequencies)

Rate matrix Q:

  A    -0.762    0.0333     0.346     0.383
  C     0.133    -0.862     0.258     0.471
  G     0.296     0.408     -1.11     0.408
  T     0.333     0.421     0.508     -1.26

Model of rate heterogeneity: Uniform

An alignment has just been exported to sym_tree_nequal-alignment_23.phy
SUBSTITUTION PROCESS
--------------------

Model of substitution: 9.20b

Rate parameter R:

  A-C: 0.1
  A-G: 1.04
  A-T: 1.15
  C-A: 0.4
  C-G: 0.775
  C-T: 1.41
  G-A: 0.887
  G-C: 1.23
  G-T: 1.22
  T-A: 1
  T-C: 1.26
  T-G: 1.52

State frequencies: (equal frequencies)

Rate matrix Q:

  A    -0.762    0.0333     0.346     0.383
  C     0.133    -0.862     0.258     0.471
  G     0.296     0.408     -1.11     0.408
  T     0.333     0.421     0.508     -1.26

Model of rate heterogeneity: Uniform

An alignment has just been exported to sym_tree_nequal-alignment_24.phy
SUBSTITUTION PROCESS
--------------------

Model of substitution: 9.20b

Rate parameter R:

  A-C: 0.1
  A-G: 1.04
  A-T: 1.15
  C-A: 0.4
  C-G: 0.775
  C-T: 1.41
  G-A: 0.887
  G-C: 1.23
  G-T: 1.22
  T-A: 1
  T-C: 1.26
  T-G: 1.52

State frequencies: (equal frequencies)

Rate matrix Q:

  A    -0.762    0.0333     0.346     0.383
  C     0.133    -0.862     0.258     0.471
  G     0.296     0.408     -1.11     0.408
  T     0.333     0.421     0.508     -1.26

Model of rate heterogeneity: Uniform

An alignment has just been exported to sym_tree_nequal-alignment_25.phy
SUBSTITUTION PROCESS
--------------------

Model of substitution: 9.20b

Rate parameter R:

  A-C: 0.1
  A-G: 1.04
  A-T: 1.15
  C-A: 0.4
  C-G: 0.775
  C-T: 1.41
  G-A: 0.887
  G-C: 1.23
  G-T: 1.22
  T-A: 1
  T-C: 1.26
  T-G: 1.52

State frequencies: (equal frequencies)

Rate matrix Q:

  A    -0.762    0.0333     0.346     0.383
  C     0.133    -0.862     0.258     0.471
  G     0.296     0.408     -1.11     0.408
  T     0.333     0.421     0.508     -1.26

Model of rate heterogeneity: Uniform

An alignment has just been exported to sym_tree_nequal-alignment_26.phy
SUBSTITUTION PROCESS
--------------------

Model of substitution: 9.20b

Rate parameter R:

  A-C: 0.1
  A-G: 1.04
  A-T: 1.15
  C-A: 0.4
  C-G: 0.775
  C-T: 1.41
  G-A: 0.887
  G-C: 1.23
  G-T: 1.22
  T-A: 1
  T-C: 1.26
  T-G: 1.52

State frequencies: (equal frequencies)

Rate matrix Q:

  A    -0.762    0.0333     0.346     0.383
  C     0.133    -0.862     0.258     0.471
  G     0.296     0.408     -1.11     0.408
  T     0.333     0.421     0.508     -1.26

Model of rate heterogeneity: Uniform

An alignment has just been exported to sym_tree_nequal-alignment_27.phy
SUBSTITUTION PROCESS
--------------------

Model of substitution: 9.20b

Rate parameter R:

  A-C: 0.1
  A-G: 1.04
  A-T: 1.15
  C-A: 0.4
  C-G: 0.775
  C-T: 1.41
  G-A: 0.887
  G-C: 1.23
  G-T: 1.22
  T-A: 1
  T-C: 1.26
  T-G: 1.52

State frequencies: (equal frequencies)

Rate matrix Q:

  A    -0.762    0.0333     0.346     0.383
  C     0.133    -0.862     0.258     0.471
  G     0.296     0.408     -1.11     0.408
  T     0.333     0.421     0.508     -1.26

Model of rate heterogeneity: Uniform

An alignment has just been exported to sym_tree_nequal-alignment_28.phy
SUBSTITUTION PROCESS
--------------------

Model of substitution: 9.20b

Rate parameter R:

  A-C: 0.1
  A-G: 1.04
  A-T: 1.15
  C-A: 0.4
  C-G: 0.775
  C-T: 1.41
  G-A: 0.887
  G-C: 1.23
  G-T: 1.22
  T-A: 1
  T-C: 1.26
  T-G: 1.52

State frequencies: (equal frequencies)

Rate matrix Q:

  A    -0.762    0.0333     0.346     0.383
  C     0.133    -0.862     0.258     0.471
  G     0.296     0.408     -1.11     0.408
  T     0.333     0.421     0.508     -1.26

Model of rate heterogeneity: Uniform

An alignment has just been exported to sym_tree_nequal-alignment_29.phy
SUBSTITUTION PROCESS
--------------------

Model of substitution: 9.20b

Rate parameter R:

  A-C: 0.1
  A-G: 1.04
  A-T: 1.15
  C-A: 0.4
  C-G: 0.775
  C-T: 1.41
  G-A: 0.887
  G-C: 1.23
  G-T: 1.22
  T-A: 1
  T-C: 1.26
  T-G: 1.52

State frequencies: (equal frequencies)

Rate matrix Q:

  A    -0.762    0.0333     0.346     0.383
  C     0.133    -0.862     0.258     0.471
  G     0.296     0.408     -1.11     0.408
  T     0.333     0.421     0.508     -1.26

Model of rate heterogeneity: Uniform

An alignment has just been exported to sym_tree_nequal-alignment_30.phy
SUBSTITUTION PROCESS
--------------------

Model of substitution: 9.20b

Rate parameter R:

  A-C: 0.1
  A-G: 1.04
  A-T: 1.15
  C-A: 0.4
  C-G: 0.775
  C-T: 1.41
  G-A: 0.887
  G-C: 1.23
  G-T: 1.22
  T-A: 1
  T-C: 1.26
  T-G: 1.52

State frequencies: (equal frequencies)

Rate matrix Q:

  A    -0.762    0.0333     0.346     0.383
  C     0.133    -0.862     0.258     0.471
  G     0.296     0.408     -1.11     0.408
  T     0.333     0.421     0.508     -1.26

Model of rate heterogeneity: Uniform

An alignment has just been exported to sym_tree_nequal-alignment_31.phy
SUBSTITUTION PROCESS
--------------------

Model of substitution: 9.20b

Rate parameter R:

  A-C: 0.1
  A-G: 1.04
  A-T: 1.15
  C-A: 0.4
  C-G: 0.775
  C-T: 1.41
  G-A: 0.887
  G-C: 1.23
  G-T: 1.22
  T-A: 1
  T-C: 1.26
  T-G: 1.52

State frequencies: (equal frequencies)

Rate matrix Q:

  A    -0.762    0.0333     0.346     0.383
  C     0.133    -0.862     0.258     0.471
  G     0.296     0.408     -1.11     0.408
  T     0.333     0.421     0.508     -1.26

Model of rate heterogeneity: Uniform

An alignment has just been exported to sym_tree_nequal-alignment_32.phy
SUBSTITUTION PROCESS
--------------------

Model of substitution: 9.20b

Rate parameter R:

  A-C: 0.1
  A-G: 1.04
  A-T: 1.15
  C-A: 0.4
  C-G: 0.775
  C-T: 1.41
  G-A: 0.887
  G-C: 1.23
  G-T: 1.22
  T-A: 1
  T-C: 1.26
  T-G: 1.52

State frequencies: (equal frequencies)

Rate matrix Q:

  A    -0.762    0.0333     0.346     0.383
  C     0.133    -0.862     0.258     0.471
  G     0.296     0.408     -1.11     0.408
  T     0.333     0.421     0.508     -1.26

Model of rate heterogeneity: Uniform

An alignment has just been exported to sym_tree_nequal-alignment_33.phy
SUBSTITUTION PROCESS
--------------------

Model of substitution: 9.20b

Rate parameter R:

  A-C: 0.1
  A-G: 1.04
  A-T: 1.15
  C-A: 0.4
  C-G: 0.775
  C-T: 1.41
  G-A: 0.887
  G-C: 1.23
  G-T: 1.22
  T-A: 1
  T-C: 1.26
  T-G: 1.52

State frequencies: (equal frequencies)

Rate matrix Q:

  A    -0.762    0.0333     0.346     0.383
  C     0.133    -0.862     0.258     0.471
  G     0.296     0.408     -1.11     0.408
  T     0.333     0.421     0.508     -1.26

Model of rate heterogeneity: Uniform

An alignment has just been exported to sym_tree_nequal-alignment_34.phy
SUBSTITUTION PROCESS
--------------------

Model of substitution: 9.20b

Rate parameter R:

  A-C: 0.1
  A-G: 1.04
  A-T: 1.15
  C-A: 0.4
  C-G: 0.775
  C-T: 1.41
  G-A: 0.887
  G-C: 1.23
  G-T: 1.22
  T-A: 1
  T-C: 1.26
  T-G: 1.52

State frequencies: (equal frequencies)

Rate matrix Q:

  A    -0.762    0.0333     0.346     0.383
  C     0.133    -0.862     0.258     0.471
  G     0.296     0.408     -1.11     0.408
  T     0.333     0.421     0.508     -1.26

Model of rate heterogeneity: Uniform

An alignment has just been exported to sym_tree_nequal-alignment_35.phy
SUBSTITUTION PROCESS
--------------------

Model of substitution: 9.20b

Rate parameter R:

  A-C: 0.1
  A-G: 1.04
  A-T: 1.15
  C-A: 0.4
  C-G: 0.775
  C-T: 1.41
  G-A: 0.887
  G-C: 1.23
  G-T: 1.22
  T-A: 1
  T-C: 1.26
  T-G: 1.52

State frequencies: (equal frequencies)

Rate matrix Q:

  A    -0.762    0.0333     0.346     0.383
  C     0.133    -0.862     0.258     0.471
  G     0.296     0.408     -1.11     0.408
  T     0.333     0.421     0.508     -1.26

Model of rate heterogeneity: Uniform

An alignment has just been exported to sym_tree_nequal-alignment_36.phy
SUBSTITUTION PROCESS
--------------------

Model of substitution: 9.20b

Rate parameter R:

  A-C: 0.1
  A-G: 1.04
  A-T: 1.15
  C-A: 0.4
  C-G: 0.775
  C-T: 1.41
  G-A: 0.887
  G-C: 1.23
  G-T: 1.22
  T-A: 1
  T-C: 1.26
  T-G: 1.52

State frequencies: (equal frequencies)

Rate matrix Q:

  A    -0.762    0.0333     0.346     0.383
  C     0.133    -0.862     0.258     0.471
  G     0.296     0.408     -1.11     0.408
  T     0.333     0.421     0.508     -1.26

Model of rate heterogeneity: Uniform

An alignment has just been exported to sym_tree_nequal-alignment_37.phy
SUBSTITUTION PROCESS
--------------------

Model of substitution: 9.20b

Rate parameter R:

  A-C: 0.1
  A-G: 1.04
  A-T: 1.15
  C-A: 0.4
  C-G: 0.775
  C-T: 1.41
  G-A: 0.887
  G-C: 1.23
  G-T: 1.22
  T-A: 1
  T-C: 1.26
  T-G: 1.52

State frequencies: (equal frequencies)

Rate matrix Q:

  A    -0.762    0.0333     0.346     0.383
  C     0.133    -0.862     0.258     0.471
  G     0.296     0.408     -1.11     0.408
  T     0.333     0.421     0.508     -1.26

Model of rate heterogeneity: Uniform

An alignment has just been exported to sym_tree_nequal-alignment_38.phy
SUBSTITUTION PROCESS
--------------------

Model of substitution: 9.20b

Rate parameter R:

  A-C: 0.1
  A-G: 1.04
  A-T: 1.15
  C-A: 0.4
  C-G: 0.775
  C-T: 1.41
  G-A: 0.887
  G-C: 1.23
  G-T: 1.22
  T-A: 1
  T-C: 1.26
  T-G: 1.52

State frequencies: (equal frequencies)

Rate matrix Q:

  A    -0.762    0.0333     0.346     0.383
  C     0.133    -0.862     0.258     0.471
  G     0.296     0.408     -1.11     0.408
  T     0.333     0.421     0.508     -1.26

Model of rate heterogeneity: Uniform

An alignment has just been exported to sym_tree_nequal-alignment_39.phy
SUBSTITUTION PROCESS
--------------------

Model of substitution: 9.20b

Rate parameter R:

  A-C: 0.1
  A-G: 1.04
  A-T: 1.15
  C-A: 0.4
  C-G: 0.775
  C-T: 1.41
  G-A: 0.887
  G-C: 1.23
  G-T: 1.22
  T-A: 1
  T-C: 1.26
  T-G: 1.52

State frequencies: (equal frequencies)

Rate matrix Q:

  A    -0.762    0.0333     0.346     0.383
  C     0.133    -0.862     0.258     0.471
  G     0.296     0.408     -1.11     0.408
  T     0.333     0.421     0.508     -1.26

Model of rate heterogeneity: Uniform

An alignment has just been exported to sym_tree_nequal-alignment_40.phy
SUBSTITUTION PROCESS
--------------------

Model of substitution: 9.20b

Rate parameter R:

  A-C: 0.1
  A-G: 1.04
  A-T: 1.15
  C-A: 0.4
  C-G: 0.775
  C-T: 1.41
  G-A: 0.887
  G-C: 1.23
  G-T: 1.22
  T-A: 1
  T-C: 1.26
  T-G: 1.52

State frequencies: (equal frequencies)

Rate matrix Q:

  A    -0.762    0.0333     0.346     0.383
  C     0.133    -0.862     0.258     0.471
  G     0.296     0.408     -1.11     0.408
  T     0.333     0.421     0.508     -1.26

Model of rate heterogeneity: Uniform

An alignment has just been exported to sym_tree_nequal-alignment_41.phy
SUBSTITUTION PROCESS
--------------------

Model of substitution: 9.20b

Rate parameter R:

  A-C: 0.1
  A-G: 1.04
  A-T: 1.15
  C-A: 0.4
  C-G: 0.775
  C-T: 1.41
  G-A: 0.887
  G-C: 1.23
  G-T: 1.22
  T-A: 1
  T-C: 1.26
  T-G: 1.52

State frequencies: (equal frequencies)

Rate matrix Q:

  A    -0.762    0.0333     0.346     0.383
  C     0.133    -0.862     0.258     0.471
  G     0.296     0.408     -1.11     0.408
  T     0.333     0.421     0.508     -1.26

Model of rate heterogeneity: Uniform

An alignment has just been exported to sym_tree_nequal-alignment_42.phy
SUBSTITUTION PROCESS
--------------------

Model of substitution: 9.20b

Rate parameter R:

  A-C: 0.1
  A-G: 1.04
  A-T: 1.15
  C-A: 0.4
  C-G: 0.775
  C-T: 1.41
  G-A: 0.887
  G-C: 1.23
  G-T: 1.22
  T-A: 1
  T-C: 1.26
  T-G: 1.52

State frequencies: (equal frequencies)

Rate matrix Q:

  A    -0.762    0.0333     0.346     0.383
  C     0.133    -0.862     0.258     0.471
  G     0.296     0.408     -1.11     0.408
  T     0.333     0.421     0.508     -1.26

Model of rate heterogeneity: Uniform

An alignment has just been exported to sym_tree_nequal-alignment_43.phy
SUBSTITUTION PROCESS
--------------------

Model of substitution: 9.20b

Rate parameter R:

  A-C: 0.1
  A-G: 1.04
  A-T: 1.15
  C-A: 0.4
  C-G: 0.775
  C-T: 1.41
  G-A: 0.887
  G-C: 1.23
  G-T: 1.22
  T-A: 1
  T-C: 1.26
  T-G: 1.52

State frequencies: (equal frequencies)

Rate matrix Q:

  A    -0.762    0.0333     0.346     0.383
  C     0.133    -0.862     0.258     0.471
  G     0.296     0.408     -1.11     0.408
  T     0.333     0.421     0.508     -1.26

Model of rate heterogeneity: Uniform

An alignment has just been exported to sym_tree_nequal-alignment_44.phy
SUBSTITUTION PROCESS
--------------------

Model of substitution: 9.20b

Rate parameter R:

  A-C: 0.1
  A-G: 1.04
  A-T: 1.15
  C-A: 0.4
  C-G: 0.775
  C-T: 1.41
  G-A: 0.887
  G-C: 1.23
  G-T: 1.22
  T-A: 1
  T-C: 1.26
  T-G: 1.52

State frequencies: (equal frequencies)

Rate matrix Q:

  A    -0.762    0.0333     0.346     0.383
  C     0.133    -0.862     0.258     0.471
  G     0.296     0.408     -1.11     0.408
  T     0.333     0.421     0.508     -1.26

Model of rate heterogeneity: Uniform

An alignment has just been exported to sym_tree_nequal-alignment_45.phy
SUBSTITUTION PROCESS
--------------------

Model of substitution: 9.20b

Rate parameter R:

  A-C: 0.1
  A-G: 1.04
  A-T: 1.15
  C-A: 0.4
  C-G: 0.775
  C-T: 1.41
  G-A: 0.887
  G-C: 1.23
  G-T: 1.22
  T-A: 1
  T-C: 1.26
  T-G: 1.52

State frequencies: (equal frequencies)

Rate matrix Q:

  A    -0.762    0.0333     0.346     0.383
  C     0.133    -0.862     0.258     0.471
  G     0.296     0.408     -1.11     0.408
  T     0.333     0.421     0.508     -1.26

Model of rate heterogeneity: Uniform

An alignment has just been exported to sym_tree_nequal-alignment_46.phy
SUBSTITUTION PROCESS
--------------------

Model of substitution: 9.20b

Rate parameter R:

  A-C: 0.1
  A-G: 1.04
  A-T: 1.15
  C-A: 0.4
  C-G: 0.775
  C-T: 1.41
  G-A: 0.887
  G-C: 1.23
  G-T: 1.22
  T-A: 1
  T-C: 1.26
  T-G: 1.52

State frequencies: (equal frequencies)

Rate matrix Q:

  A    -0.762    0.0333     0.346     0.383
  C     0.133    -0.862     0.258     0.471
  G     0.296     0.408     -1.11     0.408
  T     0.333     0.421     0.508     -1.26

Model of rate heterogeneity: Uniform

An alignment has just been exported to sym_tree_nequal-alignment_47.phy
SUBSTITUTION PROCESS
--------------------

Model of substitution: 9.20b

Rate parameter R:

  A-C: 0.1
  A-G: 1.04
  A-T: 1.15
  C-A: 0.4
  C-G: 0.775
  C-T: 1.41
  G-A: 0.887
  G-C: 1.23
  G-T: 1.22
  T-A: 1
  T-C: 1.26
  T-G: 1.52

State frequencies: (equal frequencies)

Rate matrix Q:

  A    -0.762    0.0333     0.346     0.383
  C     0.133    -0.862     0.258     0.471
  G     0.296     0.408     -1.11     0.408
  T     0.333     0.421     0.508     -1.26

Model of rate heterogeneity: Uniform

An alignment has just been exported to sym_tree_nequal-alignment_48.phy
SUBSTITUTION PROCESS
--------------------

Model of substitution: 9.20b

Rate parameter R:

  A-C: 0.1
  A-G: 1.04
  A-T: 1.15
  C-A: 0.4
  C-G: 0.775
  C-T: 1.41
  G-A: 0.887
  G-C: 1.23
  G-T: 1.22
  T-A: 1
  T-C: 1.26
  T-G: 1.52

State frequencies: (equal frequencies)

Rate matrix Q:

  A    -0.762    0.0333     0.346     0.383
  C     0.133    -0.862     0.258     0.471
  G     0.296     0.408     -1.11     0.408
  T     0.333     0.421     0.508     -1.26

Model of rate heterogeneity: Uniform

An alignment has just been exported to sym_tree_nequal-alignment_49.phy
SUBSTITUTION PROCESS
--------------------

Model of substitution: 9.20b

Rate parameter R:

  A-C: 0.1
  A-G: 1.04
  A-T: 1.15
  C-A: 0.4
  C-G: 0.775
  C-T: 1.41
  G-A: 0.887
  G-C: 1.23
  G-T: 1.22
  T-A: 1
  T-C: 1.26
  T-G: 1.52

State frequencies: (equal frequencies)

Rate matrix Q:

  A    -0.762    0.0333     0.346     0.383
  C     0.133    -0.862     0.258     0.471
  G     0.296     0.408     -1.11     0.408
  T     0.333     0.421     0.508     -1.26

Model of rate heterogeneity: Uniform

An alignment has just been exported to sym_tree_nequal-alignment_50.phy
SUBSTITUTION PROCESS
--------------------

Model of substitution: 9.20b

Rate parameter R:

  A-C: 0.1
  A-G: 1.04
  A-T: 1.15
  C-A: 0.4
  C-G: 0.775
  C-T: 1.41
  G-A: 0.887
  G-C: 1.23
  G-T: 1.22
  T-A: 1
  T-C: 1.26
  T-G: 1.52

State frequencies: (equal frequencies)

Rate matrix Q:

  A    -0.762    0.0333     0.346     0.383
  C     0.133    -0.862     0.258     0.471
  G     0.296     0.408     -1.11     0.408
  T     0.333     0.421     0.508     -1.26

Model of rate heterogeneity: Uniform

An alignment has just been exported to sym_tree_nequal-alignment_51.phy
SUBSTITUTION PROCESS
--------------------

Model of substitution: 9.20b

Rate parameter R:

  A-C: 0.1
  A-G: 1.04
  A-T: 1.15
  C-A: 0.4
  C-G: 0.775
  C-T: 1.41
  G-A: 0.887
  G-C: 1.23
  G-T: 1.22
  T-A: 1
  T-C: 1.26
  T-G: 1.52

State frequencies: (equal frequencies)

Rate matrix Q:

  A    -0.762    0.0333     0.346     0.383
  C     0.133    -0.862     0.258     0.471
  G     0.296     0.408     -1.11     0.408
  T     0.333     0.421     0.508     -1.26

Model of rate heterogeneity: Uniform

An alignment has just been exported to sym_tree_nequal-alignment_52.phy
SUBSTITUTION PROCESS
--------------------

Model of substitution: 9.20b

Rate parameter R:

  A-C: 0.1
  A-G: 1.04
  A-T: 1.15
  C-A: 0.4
  C-G: 0.775
  C-T: 1.41
  G-A: 0.887
  G-C: 1.23
  G-T: 1.22
  T-A: 1
  T-C: 1.26
  T-G: 1.52

State frequencies: (equal frequencies)

Rate matrix Q:

  A    -0.762    0.0333     0.346     0.383
  C     0.133    -0.862     0.258     0.471
  G     0.296     0.408     -1.11     0.408
  T     0.333     0.421     0.508     -1.26

Model of rate heterogeneity: Uniform

An alignment has just been exported to sym_tree_nequal-alignment_53.phy
SUBSTITUTION PROCESS
--------------------

Model of substitution: 9.20b

Rate parameter R:

  A-C: 0.1
  A-G: 1.04
  A-T: 1.15
  C-A: 0.4
  C-G: 0.775
  C-T: 1.41
  G-A: 0.887
  G-C: 1.23
  G-T: 1.22
  T-A: 1
  T-C: 1.26
  T-G: 1.52

State frequencies: (equal frequencies)

Rate matrix Q:

  A    -0.762    0.0333     0.346     0.383
  C     0.133    -0.862     0.258     0.471
  G     0.296     0.408     -1.11     0.408
  T     0.333     0.421     0.508     -1.26

Model of rate heterogeneity: Uniform

An alignment has just been exported to sym_tree_nequal-alignment_54.phy
SUBSTITUTION PROCESS
--------------------

Model of substitution: 9.20b

Rate parameter R:

  A-C: 0.1
  A-G: 1.04
  A-T: 1.15
  C-A: 0.4
  C-G: 0.775
  C-T: 1.41
  G-A: 0.887
  G-C: 1.23
  G-T: 1.22
  T-A: 1
  T-C: 1.26
  T-G: 1.52

State frequencies: (equal frequencies)

Rate matrix Q:

  A    -0.762    0.0333     0.346     0.383
  C     0.133    -0.862     0.258     0.471
  G     0.296     0.408     -1.11     0.408
  T     0.333     0.421     0.508     -1.26

Model of rate heterogeneity: Uniform

An alignment has just been exported to sym_tree_nequal-alignment_55.phy
SUBSTITUTION PROCESS
--------------------

Model of substitution: 9.20b

Rate parameter R:

  A-C: 0.1
  A-G: 1.04
  A-T: 1.15
  C-A: 0.4
  C-G: 0.775
  C-T: 1.41
  G-A: 0.887
  G-C: 1.23
  G-T: 1.22
  T-A: 1
  T-C: 1.26
  T-G: 1.52

State frequencies: (equal frequencies)

Rate matrix Q:

  A    -0.762    0.0333     0.346     0.383
  C     0.133    -0.862     0.258     0.471
  G     0.296     0.408     -1.11     0.408
  T     0.333     0.421     0.508     -1.26

Model of rate heterogeneity: Uniform

An alignment has just been exported to sym_tree_nequal-alignment_56.phy
SUBSTITUTION PROCESS
--------------------

Model of substitution: 9.20b

Rate parameter R:

  A-C: 0.1
  A-G: 1.04
  A-T: 1.15
  C-A: 0.4
  C-G: 0.775
  C-T: 1.41
  G-A: 0.887
  G-C: 1.23
  G-T: 1.22
  T-A: 1
  T-C: 1.26
  T-G: 1.52

State frequencies: (equal frequencies)

Rate matrix Q:

  A    -0.762    0.0333     0.346     0.383
  C     0.133    -0.862     0.258     0.471
  G     0.296     0.408     -1.11     0.408
  T     0.333     0.421     0.508     -1.26

Model of rate heterogeneity: Uniform

An alignment has just been exported to sym_tree_nequal-alignment_57.phy
SUBSTITUTION PROCESS
--------------------

Model of substitution: 9.20b

Rate parameter R:

  A-C: 0.1
  A-G: 1.04
  A-T: 1.15
  C-A: 0.4
  C-G: 0.775
  C-T: 1.41
  G-A: 0.887
  G-C: 1.23
  G-T: 1.22
  T-A: 1
  T-C: 1.26
  T-G: 1.52

State frequencies: (equal frequencies)

Rate matrix Q:

  A    -0.762    0.0333     0.346     0.383
  C     0.133    -0.862     0.258     0.471
  G     0.296     0.408     -1.11     0.408
  T     0.333     0.421     0.508     -1.26

Model of rate heterogeneity: Uniform

An alignment has just been exported to sym_tree_nequal-alignment_58.phy
SUBSTITUTION PROCESS
--------------------

Model of substitution: 9.20b

Rate parameter R:

  A-C: 0.1
  A-G: 1.04
  A-T: 1.15
  C-A: 0.4
  C-G: 0.775
  C-T: 1.41
  G-A: 0.887
  G-C: 1.23
  G-T: 1.22
  T-A: 1
  T-C: 1.26
  T-G: 1.52

State frequencies: (equal frequencies)

Rate matrix Q:

  A    -0.762    0.0333     0.346     0.383
  C     0.133    -0.862     0.258     0.471
  G     0.296     0.408     -1.11     0.408
  T     0.333     0.421     0.508     -1.26

Model of rate heterogeneity: Uniform

An alignment has just been exported to sym_tree_nequal-alignment_59.phy
SUBSTITUTION PROCESS
--------------------

Model of substitution: 9.20b

Rate parameter R:

  A-C: 0.1
  A-G: 1.04
  A-T: 1.15
  C-A: 0.4
  C-G: 0.775
  C-T: 1.41
  G-A: 0.887
  G-C: 1.23
  G-T: 1.22
  T-A: 1
  T-C: 1.26
  T-G: 1.52

State frequencies: (equal frequencies)

Rate matrix Q:

  A    -0.762    0.0333     0.346     0.383
  C     0.133    -0.862     0.258     0.471
  G     0.296     0.408     -1.11     0.408
  T     0.333     0.421     0.508     -1.26

Model of rate heterogeneity: Uniform

An alignment has just been exported to sym_tree_nequal-alignment_60.phy
SUBSTITUTION PROCESS
--------------------

Model of substitution: 9.20b

Rate parameter R:

  A-C: 0.1
  A-G: 1.04
  A-T: 1.15
  C-A: 0.4
  C-G: 0.775
  C-T: 1.41
  G-A: 0.887
  G-C: 1.23
  G-T: 1.22
  T-A: 1
  T-C: 1.26
  T-G: 1.52

State frequencies: (equal frequencies)

Rate matrix Q:

  A    -0.762    0.0333     0.346     0.383
  C     0.133    -0.862     0.258     0.471
  G     0.296     0.408     -1.11     0.408
  T     0.333     0.421     0.508     -1.26

Model of rate heterogeneity: Uniform

An alignment has just been exported to sym_tree_nequal-alignment_61.phy
SUBSTITUTION PROCESS
--------------------

Model of substitution: 9.20b

Rate parameter R:

  A-C: 0.1
  A-G: 1.04
  A-T: 1.15
  C-A: 0.4
  C-G: 0.775
  C-T: 1.41
  G-A: 0.887
  G-C: 1.23
  G-T: 1.22
  T-A: 1
  T-C: 1.26
  T-G: 1.52

State frequencies: (equal frequencies)

Rate matrix Q:

  A    -0.762    0.0333     0.346     0.383
  C     0.133    -0.862     0.258     0.471
  G     0.296     0.408     -1.11     0.408
  T     0.333     0.421     0.508     -1.26

Model of rate heterogeneity: Uniform

An alignment has just been exported to sym_tree_nequal-alignment_62.phy
SUBSTITUTION PROCESS
--------------------

Model of substitution: 9.20b

Rate parameter R:

  A-C: 0.1
  A-G: 1.04
  A-T: 1.15
  C-A: 0.4
  C-G: 0.775
  C-T: 1.41
  G-A: 0.887
  G-C: 1.23
  G-T: 1.22
  T-A: 1
  T-C: 1.26
  T-G: 1.52

State frequencies: (equal frequencies)

Rate matrix Q:

  A    -0.762    0.0333     0.346     0.383
  C     0.133    -0.862     0.258     0.471
  G     0.296     0.408     -1.11     0.408
  T     0.333     0.421     0.508     -1.26

Model of rate heterogeneity: Uniform

An alignment has just been exported to sym_tree_nequal-alignment_63.phy
SUBSTITUTION PROCESS
--------------------

Model of substitution: 9.20b

Rate parameter R:

  A-C: 0.1
  A-G: 1.04
  A-T: 1.15
  C-A: 0.4
  C-G: 0.775
  C-T: 1.41
  G-A: 0.887
  G-C: 1.23
  G-T: 1.22
  T-A: 1
  T-C: 1.26
  T-G: 1.52

State frequencies: (equal frequencies)

Rate matrix Q:

  A    -0.762    0.0333     0.346     0.383
  C     0.133    -0.862     0.258     0.471
  G     0.296     0.408     -1.11     0.408
  T     0.333     0.421     0.508     -1.26

Model of rate heterogeneity: Uniform

An alignment has just been exported to sym_tree_nequal-alignment_64.phy
SUBSTITUTION PROCESS
--------------------

Model of substitution: 9.20b

Rate parameter R:

  A-C: 0.1
  A-G: 1.04
  A-T: 1.15
  C-A: 0.4
  C-G: 0.775
  C-T: 1.41
  G-A: 0.887
  G-C: 1.23
  G-T: 1.22
  T-A: 1
  T-C: 1.26
  T-G: 1.52

State frequencies: (equal frequencies)

Rate matrix Q:

  A    -0.762    0.0333     0.346     0.383
  C     0.133    -0.862     0.258     0.471
  G     0.296     0.408     -1.11     0.408
  T     0.333     0.421     0.508     -1.26

Model of rate heterogeneity: Uniform

An alignment has just been exported to sym_tree_nequal-alignment_65.phy
SUBSTITUTION PROCESS
--------------------

Model of substitution: 9.20b

Rate parameter R:

  A-C: 0.1
  A-G: 1.04
  A-T: 1.15
  C-A: 0.4
  C-G: 0.775
  C-T: 1.41
  G-A: 0.887
  G-C: 1.23
  G-T: 1.22
  T-A: 1
  T-C: 1.26
  T-G: 1.52

State frequencies: (equal frequencies)

Rate matrix Q:

  A    -0.762    0.0333     0.346     0.383
  C     0.133    -0.862     0.258     0.471
  G     0.296     0.408     -1.11     0.408
  T     0.333     0.421     0.508     -1.26

Model of rate heterogeneity: Uniform

An alignment has just been exported to sym_tree_nequal-alignment_66.phy
SUBSTITUTION PROCESS
--------------------

Model of substitution: 9.20b

Rate parameter R:

  A-C: 0.1
  A-G: 1.04
  A-T: 1.15
  C-A: 0.4
  C-G: 0.775
  C-T: 1.41
  G-A: 0.887
  G-C: 1.23
  G-T: 1.22
  T-A: 1
  T-C: 1.26
  T-G: 1.52

State frequencies: (equal frequencies)

Rate matrix Q:

  A    -0.762    0.0333     0.346     0.383
  C     0.133    -0.862     0.258     0.471
  G     0.296     0.408     -1.11     0.408
  T     0.333     0.421     0.508     -1.26

Model of rate heterogeneity: Uniform

An alignment has just been exported to sym_tree_nequal-alignment_67.phy
SUBSTITUTION PROCESS
--------------------

Model of substitution: 9.20b

Rate parameter R:

  A-C: 0.1
  A-G: 1.04
  A-T: 1.15
  C-A: 0.4
  C-G: 0.775
  C-T: 1.41
  G-A: 0.887
  G-C: 1.23
  G-T: 1.22
  T-A: 1
  T-C: 1.26
  T-G: 1.52

State frequencies: (equal frequencies)

Rate matrix Q:

  A    -0.762    0.0333     0.346     0.383
  C     0.133    -0.862     0.258     0.471
  G     0.296     0.408     -1.11     0.408
  T     0.333     0.421     0.508     -1.26

Model of rate heterogeneity: Uniform

An alignment has just been exported to sym_tree_nequal-alignment_68.phy
SUBSTITUTION PROCESS
--------------------

Model of substitution: 9.20b

Rate parameter R:

  A-C: 0.1
  A-G: 1.04
  A-T: 1.15
  C-A: 0.4
  C-G: 0.775
  C-T: 1.41
  G-A: 0.887
  G-C: 1.23
  G-T: 1.22
  T-A: 1
  T-C: 1.26
  T-G: 1.52

State frequencies: (equal frequencies)

Rate matrix Q:

  A    -0.762    0.0333     0.346     0.383
  C     0.133    -0.862     0.258     0.471
  G     0.296     0.408     -1.11     0.408
